05/05/2022,25.00,25.00,-1.40 (-5.30 %)," ","273,757","7,008,851,400",0,0,26.40,27.5,27.50,24.30
04/05/2022,26.40,26.40,0.80 (3.12 %)," ","240,700","6,282,690,000",0,0,25.60,26.10,27.00,25.00
29/04/2022,25.60,25.60,2.30 (9.87 %)," ","340,957","8,396,005,100",0,0,23.30,24.1,25.60,23.20
28/04/2022,23.30,23.30,1.30 (5.91 %)," ","278,833","6,416,160,000",0,0,22.00,22.90,23.70,22.00
27/04/2022,22.00,22.00,2.00 (10.00 %)," ","208,330","4,404,163,000",0,0,20.00,21.0,22.00,19.90
26/04/2022,20.00,20.00,1.10 (5.82 %)," ","229,751","4,264,509,000",0,0,18.90,18.90,20.00,17.20
25/04/2022,18.90,18.90,-2.00 (-9.57 %)," ","597,100","11,844,030,000",0,0,20.90,20.9,22.00,18.90
22/04/2022,20.90,20.90,-2.30 (-9.91 %)," ","326,582","7,199,629,700",0,0,23.20,23.00,24.20,20.90
21/04/2022,23.20,23.20,-2.10 (-8.30 %)," ","393,600","9,080,790,000","20,000","556,000,000",25.30,25.3,25.30,22.80
20/04/2022,25.30,25.30,-2.70 (-9.64 %)," ","165,200","4,420,550,000",0,0,28.00,28.00,28.50,25.30
19/04/2022,28.00,28.00,-2.40 (-7.89 %)," ","134,807","3,909,491,500",0,0,30.40,31.0,31.00,28.00
18/04/2022,30.40,30.40,-1.40 (-4.40 %)," ","188,460","5,689,665,000",0,0,31.80,31.90,32.00,29.30
14/04/2022,33.00,33.00,0.70 (2.17 %)," ","107,648","3,519,287,200",0,0,32.30,32.5,33.20,32.30
13/04/2022,32.30,32.30,0.80 (2.54 %)," ","111,350","3,515,111,000",0,0,31.50,31.70,32.40,31.10
12/04/2022,31.50,31.50,-3.00 (-8.70 %)," ","159,965","5,266,983,200",0,0,34.50,34.0,34.50,31.50
08/04/2022,34.50,34.50,-1.60 (-4.43 %)," ","138,200","4,828,750,000",0,0,36.10,36.10,36.10,32.50
07/04/2022,36.10,36.10,-0.10 (-0.28 %)," ","112,412","4,049,986,000",0,0,36.20,36.5,37.40,35.70
06/04/2022,36.20,36.20,0.30 (0.84 %)," ","238,971","8,713,756,400",0,0,35.90,35.90,37.00,35.90
05/04/2022,35.90,35.90,-0.10 (-0.28 %)," ","151,063","5,439,143,200",0,0,36.00,36.0,36.40,35.90
31/03/2022,35.10,35.10,-0.20 (-0.57 %)," ","152,000","5,363,300,000",0,0,35.30,35.3,36.10,35.00
30/03/2022,35.30,35.30,-1.00 (-2.75 %)," ","330,496","11,779,401,000",0,0,36.30,36.20,36.40,35.00
29/03/2022,36.30,36.30,0.60 (1.68 %)," ","248,500","9,098,690,000",0,0,35.70,35.8,37.10,35.80
28/03/2022,35.70,35.70,-1.10 (-2.99 %)," ","373,410","13,493,327,000",0,0,36.80,36.80,37.50,35.40
25/03/2022,36.80,36.80,-0.10 (-0.27 %)," ","292,864","10,791,351,600",0,0,36.90,36.6,37.30,36.50
24/03/2022,36.90,36.90,-0.50 (-1.34 %)," ","237,404","8,789,777,800",0,0,37.40,37.00,37.30,36.90
23/03/2022,37.40,37.40,-0.20 (-0.53 %)," ","183,950","6,949,754,000",0,0,37.60,37.7,38.40,37.30
22/03/2022,37.60,37.60,0.60 (1.62 %)," ","274,830","10,167,100,000",0,0,37.00,37.20,37.60,36.60
21/03/2022,37.00,37.00,0.70 (1.93 %)," ","255,624","9,552,002,800",0,0,36.30,36.3,37.80,36.30
18/03/2022,36.30,36.30,0.50 (1.40 %)," ","192,800","6,967,115,100",0,0,35.80,36.00,36.60,35.50
17/03/2022,35.80,35.80,-0.40 (-1.10 %)," ","226,802","8,163,212,000",0,0,36.20,37.0,37.00,35.40
16/03/2022,36.20,36.20,0.20 (0.56 %)," ","118,002","4,268,303,000",0,0,36.00,36.00,36.80,35.90
15/03/2022,36.00,36.00,0.80 (2.27 %)," ","458,481","16,103,919,400",0,0,35.20,35.2,36.20,34.60
14/03/2022,35.20,35.20,-2.70 (-7.12 %)," ","604,655","21,892,611,900",0,0,37.90,37.90,38.20,35.20
11/03/2022,37.90,37.90,-1.80 (-4.53 %)," ","432,916","16,766,144,400",0,0,39.70,39.9,40.20,37.90
10/03/2022,39.70,39.70,0.40 (1.02 %)," ","232,761","9,138,144,900",0,0,39.30,39.10,40.00,38.90
09/03/2022,39.30,39.30,0.80 (2.08 %)," ","517,101","20,075,598,900",0,0,38.50,38.5,40.10,37.60
08/03/2022,38.50,38.50,-2.30 (-5.64 %)," ","608,846","24,069,546,000",0,0,40.80,43.50,44.00,38.50
07/03/2022,40.80,40.80,0.90 (2.26 %)," ","461,257","19,118,534,800",0,0,39.90,40.0,42.20,40.00
03/03/2022,41.30,41.30,3.10 (8.12 %)," ","1,229,808","49,330,842,300",0,0,38.20,38.2,41.80,38.00
02/03/2022,38.20,38.20,0.00 (0.00 %)," ","205,860","7,886,994,600",0,0,38.20,38.00,39.30,37.50
01/03/2022,38.20,38.20,0.00 (0.00 %)," ","556,760","21,860,300,000",0,0,38.20,38.6,40.20,38.00
28/02/2022,38.20,38.20,2.70 (7.61 %)," ","809,636","30,238,320,000",0,0,35.50,35.50,38.30,35.50
25/02/2022,35.50,35.50,0.50 (1.43 %)," ","171,616","6,080,086,400",0,0,35.00,35.5,35.80,35.00
24/02/2022,35.00,35.00,-1.10 (-3.05 %)," ","399,645","14,155,750,800",0,0,36.10,35.80,37.40,33.20
23/02/2022,36.10,36.10,0.60 (1.69 %)," ","212,005","7,596,215,000",0,0,35.50,35.2,36.60,35.20
22/02/2022,35.50,35.50,-1.20 (-3.27 %)," ","267,955","9,463,730,000",0,0,36.70,36.10,36.30,34.40
21/02/2022,36.70,36.70,0.10 (0.27 %)," ","254,829","9,479,511,300",0,0,36.60,36.7,37.80,36.50
18/02/2022,36.60,36.60,2.40 (7.02 %)," ","462,496","16,723,960,600",0,0,34.20,34.00,37.30,33.50
17/02/2022,34.20,34.20,0.50 (1.48 %)," ","181,800","6,169,270,000",0,0,33.70,34.0,34.50,33.70
16/02/2022,33.70,33.70,0.90 (2.74 %)," ","204,346","6,810,281,700",0,0,32.80,32.80,34.10,32.70
15/02/2022,32.80,32.80,-0.10 (-0.30 %)," ","109,846","3,601,293,600",0,0,32.90,32.9,33.20,32.50
14/02/2022,32.90,32.90,-0.80 (-2.37 %)," ","215,170","7,157,761,000",0,0,33.70,33.70,34.00,32.60
11/02/2022,33.70,33.70,0.00 (0.00 %)," ","256,233","8,565,646,100",0,0,33.70,33.0,34.20,32.50
10/02/2022,33.70,33.70,0.00 (0.00 %)," ","204,712","6,876,254,400",0,0,33.70,33.60,34.20,33.30
09/02/2022,33.70,33.70,1.00 (3.06 %)," ","360,557","12,103,425,100",0,0,32.70,32.7,34.30,32.00
08/02/2022,32.70,32.70,1.40 (4.47 %)," ","325,250","10,541,845,000",0,0,31.30,31.30,34.00,30.30
07/02/2022,31.30,31.30,2.30 (7.93 %)," ","223,450","6,738,288,000",0,0,29.00,29.5,31.30,29.30
27/01/2022,28.80,28.80,-3.20 (-10.00 %)," ","757,126","22,500,602,000",0,0,32.00,32.0,32.00,28.80
26/01/2022,32.00,32.00,-3.10 (-8.83 %)," ","338,692","11,212,687,100",0,0,35.10,35.10,36.40,32.00
25/01/2022,35.10,35.10,-0.70 (-1.96 %)," ","267,774","8,975,124,700",0,0,35.80,35.8,35.80,32.30
24/01/2022,35.80,35.80,-2.20 (-5.79 %)," ","194,956","6,958,441,000",0,0,38.00,37.00,37.00,34.50
21/01/2022,38.00,38.00,0.70 (1.88 %)," ","288,403","10,650,771,900",0,0,37.30,37.3,38.50,35.80
20/01/2022,37.30,37.30,3.00 (8.75 %)," ","223,500","7,780,290,000",0,0,34.30,34.30,37.30,32.50
19/01/2022,34.30,34.30,1.00 (3.00 %)," ","478,670","15,454,395,400",0,0,33.30,33.2,34.50,30.70
18/01/2022,33.30,33.30,-3.60 (-9.76 %)," ","524,130","17,830,101,800",0,0,36.90,36.90,36.90,33.30
17/01/2022,36.90,36.90,-1.10 (-2.89 %)," ","640,285","23,630,113,500",0,0,38.00,38.0,39.20,34.30
14/01/2022,38.00,38.00,-2.50 (-6.17 %)," ","351,330","13,684,067,000",0,0,40.50,40.00,40.00,38.00
13/01/2022,40.50,40.50,-1.00 (-2.41 %)," ","511,410","20,462,915,900",12,"448,800",41.50,41.0,42.00,38.50
12/01/2022,41.50,41.50,-1.30 (-3.04 %)," ","672,524","27,114,298,800",0,0,42.80,42.60,42.80,38.60
11/01/2022,42.80,42.80,-1.80 (-4.04 %)," ","500,927","21,789,160,200",0,0,44.60,44.6,44.60,42.80
10/01/2022,44.60,44.60,-1.50 (-3.25 %)," ","488,630","21,934,150,000",0,0,46.10,45.50,46.00,44.50
07/01/2022,46.10,46.10,0.80 (1.77 %)," ","668,389","30,443,732,700",0,0,45.30,45.8,46.50,44.60
06/01/2022,45.30,45.30,-0.60 (-1.31 %)," ","754,802","33,690,929,000",0,0,45.90,45.00,45.70,44.00
05/01/2022,45.90,45.90,-0.60 (-1.29 %)," ","434,091","19,746,480,500",0,0,46.50,46.5,46.50,45.00
04/01/2022,46.50,46.50,2.80 (6.41 %)," ","757,919","33,523,421,200",0,0,43.70,43.70,46.50,43.50
31/12/2021,43.70,43.70,-3.20 (-6.82 %)," ","1,180,602","53,173,490,200",0,0,46.90,46.5,46.60,43.50
29/12/2021,47.50,47.50,0.10 (0.21 %)," ","641,930","30,019,809,900","50,000","2,550,000,000",47.40,45.6,47.70,45.60
28/12/2021,47.40,47.40,-0.70 (-1.46 %)," ","652,643","30,807,100,100","1,350,000","59,400,000,000",48.10,48.00,48.10,46.90
27/12/2021,48.10,48.10,-0.80 (-1.64 %)," ","772,002","36,567,547,100",0,0,48.90,49.0,49.00,46.70
24/12/2021,48.90,48.90,-0.50 (-1.01 %)," ","500,854","24,392,973,700","1,119,000","50,355,000,000",49.40,49.00,49.40,48.00
23/12/2021,49.40,49.40,-0.60 (-1.20 %)," ","543,836","26,678,608,500",0,0,50.00,50.0,51.00,48.00
22/12/2021,50.00,50.00,0.50 (1.01 %)," ","1,045,324","52,214,942,000","1,331,000","59,895,000,000",49.50,49.50,51.40,49.00
21/12/2021,49.50,49.50,1.70 (3.56 %)," ","1,214,024","59,127,743,600",88,"3,792,800",47.80,47.8,50.20,47.00
20/12/2021,47.80,47.80,0.80 (1.70 %)," ","877,329","41,845,153,800","35,000","1,645,000,000",47.00,48.00,49.00,47.00
17/12/2021,47.00,47.00,1.00 (2.17 %)," ","869,261","40,198,105,100",36,"1,490,400",46.00,46.2,48.00,44.90
16/12/2021,46.00,46.00,-1.00 (-2.13 %)," ","299,871","13,826,962,800",0,0,47.00,46.00,47.00,45.70
15/12/2021,47.00,47.00,0.00 (0.00 %)," ","381,417","17,605,690,100",60,"2,538,000",47.00,48.0,48.00,45.50
14/12/2021,47.00,47.00,0.20 (0.43 %)," ","791,437","37,837,803,500",0,0,46.80,46.70,49.90,45.50
13/12/2021,46.80,46.80,0.50 (1.08 %)," ","452,143","21,140,163,400",0,0,46.30,46.3,47.50,46.00
10/12/2021,46.30,46.30,0.80 (1.76 %)," ","615,580","28,179,141,400",0,0,45.50,45.50,46.50,45.00
09/12/2021,45.50,45.50,1.60 (3.64 %)," ","753,971","34,195,435,100",0,0,43.90,44.0,46.80,43.90
08/12/2021,43.90,43.90,0.00 (0.00 %)," ","412,260","17,895,461,200",0,0,43.90,43.80,44.10,42.50
07/12/2021,43.90,43.90,0.20 (0.46 %)," ","440,701","18,983,412,500",0,0,43.70,43.5,44.90,41.00
06/12/2021,43.70,43.70,0.10 (0.23 %)," ","1,466,183","62,063,006,500",0,0,43.60,43.60,45.00,39.30
03/12/2021,43.60,43.60,-4.80 (-9.92 %)," ","805,524","37,535,839,900",0,0,48.40,48.5,49.10,43.60
01/12/2021,48.40,48.40,-0.70 (-1.43 %)," ","672,635","32,299,641,800",72,"3,182,400",49.10,48.1,49.20,47.10
30/11/2021,49.10,49.10,0.30 (0.61 %)," ","839,870","40,999,126,100",0,0,48.80,48.60,50.00,47.00
29/11/2021,48.80,48.80,0.30 (0.62 %)," ","620,666","29,475,438,400",0,0,48.50,47.8,49.50,46.00
26/11/2021,48.50,48.50,0.90 (1.89 %)," ","861,480","41,720,521,500",0,0,47.60,47.60,50.00,47.40
25/11/2021,47.60,47.60,-0.80 (-1.65 %)," ","862,213","41,922,258,400","50,000","2,500,000,000",48.40,49.0,50.50,47.00
24/11/2021,48.40,48.40,4.40 (10.00 %)," ","2,254,122","107,629,048,400",0,0,44.00,44.50,48.40,44.50
23/11/2021,44.00,44.00,0.00 (0.00 %)," ","466,050","20,298,262,300",0,0,44.00,43.6,44.30,42.20
22/11/2021,44.00,44.00,-0.60 (-1.35 %)," ","781,342","34,140,919,500",0,0,44.60,44.50,44.60,42.10
19/11/2021,44.60,44.60,0.00 (0.00 %)," ","979,949","43,266,328,200",0,0,44.60,44.6,44.90,41.40
18/11/2021,44.60,44.60,1.00 (2.29 %)," ","1,022,699","44,956,232,400",89,"3,497,700",43.60,43.00,45.30,39.70
17/11/2021,43.60,43.60,-0.70 (-1.58 %)," ","761,344","32,917,460,500",0,0,44.30,44.3,44.30,42.80
16/11/2021,44.30,44.30,-1.30 (-2.85 %)," ","1,469,374","65,018,007,900",0,0,45.60,46.00,46.00,43.00
15/11/2021,45.60,45.60,2.70 (6.29 %)," ","1,437,167","66,194,509,800",0,0,42.90,43.5,47.10,43.50
12/11/2021,42.90,42.90,3.90 (10.00 %)," ","1,994,884","82,869,441,100",0,0,39.00,39.00,42.90,39.00
11/11/2021,39.00,39.00,-2.00 (-4.88 %)," ","817,685","32,391,677,100",0,0,41.00,40.7,40.70,39.00
10/11/2021,41.00,41.00,-0.80 (-1.91 %)," ","733,501","29,736,940,400",0,0,41.80,41.80,41.80,39.60
09/11/2021,41.80,41.80,-0.20 (-0.48 %)," ","554,256","23,053,391,600",0,0,42.00,42.0,42.20,41.00
08/11/2021,42.00,42.00,0.40 (0.96 %)," ","529,930","21,996,760,300",0,0,41.60,41.60,42.00,41.10
05/11/2021,41.60,41.60,0.20 (0.48 %)," ","545,852","22,468,034,000",40,"1,492,000",41.40,41.3,41.90,40.20
03/11/2021,40.00,40.00,-1.70 (-4.08 %)," ","1,212,190","49,286,767,800",0,0,41.70,41.6,41.70,40.00
02/11/2021,41.70,41.70,-0.60 (-1.42 %)," ","1,100,022","45,940,870,800",0,0,42.30,42.20,42.60,41.30
01/11/2021,42.30,42.30,-2.00 (-4.51 %)," ","956,485","41,124,952,700",0,0,44.30,44.3,44.90,42.00
29/10/2021,44.30,44.30,-0.70 (-1.56 %)," ","557,382","24,887,031,000",72,"2,916,000",45.00,45.00,45.70,44.00
28/10/2021,45.00,45.00,2.80 (6.64 %)," ","879,365","38,751,352,700",0,0,42.20,42.2,45.40,42.00
27/10/2021,42.20,42.20,-0.20 (-0.47 %)," ","544,684","23,121,775,100",0,0,42.40,42.40,43.50,41.50
25/10/2021,40.90,40.90,-0.90 (-2.15 %)," ","711,064","29,315,301,000",0,0,41.80,41.8,42.00,40.90
22/10/2021,41.80,41.80,-0.70 (-1.65 %)," ","806,110","34,022,961,400",0,0,42.50,43.00,43.20,41.50
21/10/2021,42.50,42.50,1.50 (3.66 %)," ","583,254","24,571,503,600",0,0,41.00,40.5,43.50,40.50
20/10/2021,41.00,41.00,-0.70 (-1.68 %)," ","1,089,351","44,483,234,400",76,"2,857,600",41.70,42.00,43.90,40.00
19/10/2021,41.70,41.70,-0.50 (-1.18 %)," ","849,939","35,236,553,900",0,0,42.20,42.0,42.50,40.60
18/10/2021,42.20,42.20,2.10 (5.24 %)," ","1,097,301","46,381,165,200",0,0,40.10,40.10,43.60,40.00
15/10/2021,40.10,40.10,3.60 (9.86 %)," ","2,087,174","82,280,024,200",0,0,36.50,36.5,40.10,36.50
14/10/2021,36.50,36.50,2.90 (8.63 %)," ","1,343,097","47,662,980,800","30,800","936,320,000",33.60,33.90,36.50,33.90
13/10/2021,33.60,33.60,0.10 (0.30 %)," ","362,288","12,083,378,600",0,0,33.50,33.5,33.90,32.00
12/10/2021,33.50,33.50,-1.10 (-3.18 %)," ","662,203","22,411,657,400",0,0,34.60,34.60,34.90,33.40
11/10/2021,34.60,34.60,-0.50 (-1.42 %)," ","501,974","17,518,438,900",0,0,35.10,35.1,35.50,34.50
08/10/2021,35.10,35.10,-0.10 (-0.28 %)," ","423,795","14,920,601,500",0,0,35.20,35.50,35.50,34.70
07/10/2021,35.20,35.20,0.00 (0.00 %)," ","331,932","11,674,655,000",20,"634,000",35.20,35.4,35.50,35.00
05/10/2021,35.00,35.00,0.20 (0.57 %)," ","604,057","21,220,929,500",0,0,34.80,35.0,35.60,34.60
04/10/2021,34.80,34.80,2.30 (7.08 %)," ","648,305","21,872,127,200",0,0,32.50,32.50,35.20,32.10
01/10/2021,32.50,32.50,0.40 (1.25 %)," ","480,814","15,542,587,200","19,784","571,757,600",32.10,32.1,33.00,31.50
30/09/2021,32.10,32.10,0.00 (0.00 %)," ","240,381","7,661,052,300",0,0,32.10,32.40,32.40,31.70
29/09/2021,32.10,32.10,0.30 (0.94 %)," ","219,851","6,982,379,200",0,0,31.80,32.4,32.50,31.20
28/09/2021,31.80,31.80,1.40 (4.61 %)," ","476,086","14,518,070,800",0,0,30.40,30.40,32.00,29.50
27/09/2021,30.40,30.40,-3.30 (-9.79 %)," ","1,259,988","39,364,825,100",0,0,33.70,33.0,33.70,30.40
24/09/2021,33.70,33.70,-0.70 (-2.03 %)," ","383,990","13,044,941,200",0,0,34.40,34.40,34.50,33.50
23/09/2021,34.40,34.40,-1.30 (-3.64 %)," ","390,430","13,613,412,000",0,0,35.70,35.7,35.70,34.40
22/09/2021,35.70,35.70,-0.30 (-0.83 %)," ","650,682","22,924,229,200",0,0,36.00,36.10,36.50,34.50
21/09/2021,36.00,36.00,0.30 (0.84 %)," ","506,108","17,649,656,100",0,0,35.70,35.7,36.00,32.20
20/09/2021,35.70,35.70,-0.30 (-0.83 %)," ","1,070,642","39,111,552,000",0,0,36.00,37.20,37.50,35.10
17/09/2021,36.00,36.00,1.30 (3.75 %)," ","1,250,695","44,795,377,500",0,0,34.70,34.4,37.60,33.40
16/09/2021,34.70,34.70,-0.40 (-1.14 %)," ","251,065","8,725,476,800",0,0,35.10,35.10,35.80,33.80
15/09/2021,35.10,35.10,2.10 (6.36 %)," ","530,407","17,937,341,700",0,0,33.00,33.0,35.40,32.80
14/09/2021,33.00,33.00,-1.40 (-4.07 %)," ","514,276","17,330,229,300",0,0,34.40,34.40,34.50,33.00
13/09/2021,34.40,34.40,-1.40 (-3.91 %)," ","646,984","22,466,835,400",36,"1,162,800",35.80,35.9,36.20,33.70
10/09/2021,35.80,35.80,0.20 (0.56 %)," ","525,978","18,945,538,900",0,0,35.60,35.60,36.60,35.20
09/09/2021,35.60,35.60,0.30 (0.85 %)," ","331,284","11,787,532,200",0,0,35.30,35.3,36.80,34.60
07/09/2021,34.90,34.90,-2.60 (-6.93 %)," ","1,120,376","40,166,822,100",0,0,37.50,37.5,37.90,34.70
06/09/2021,37.50,37.50,3.20 (9.33 %)," ","1,092,816","39,984,799,500",0,0,34.30,34.30,37.70,34.30
31/08/2021,33.50,33.50,1.30 (4.04 %)," ","884,877","29,476,929,200",0,0,32.20,32.5,35.00,31.10
30/08/2021,32.20,32.20,1.70 (5.57 %)," ","1,023,590","32,311,043,800",0,0,30.50,30.40,32.40,30.40
27/08/2021,30.50,30.50,1.50 (5.17 %)," ","522,675","15,422,777,400",32,"835,200",29.00,29.0,31.00,27.50
26/08/2021,29.00,29.00,-1.70 (-5.54 %)," ","915,431","27,461,059,900","100,800","2,792,160,000",30.70,31.50,32.20,28.50
25/08/2021,30.70,30.70,-0.30 (-0.97 %)," ","1,901,870","54,222,426,700","156,700","4,809,400,000",31.00,27.9,32.00,27.90
24/08/2021,31.00,31.00,-3.40 (-9.88 %)," ","386,426","12,688,892,500",0,0,34.40,34.80,37.00,31.00
23/08/2021,34.40,34.40,3.10 (9.90 %)," ","875,740","29,591,096,900",0,0,31.30,31.6,34.40,31.50
20/08/2021,31.30,31.30,2.70 (9.44 %)," ","1,476,674","45,515,813,400",48,"1,238,400",28.60,29.00,31.40,29.00
19/08/2021,28.60,28.60,2.60 (10.00 %)," ","1,058,971","29,712,101,100",80,"1,872,000",26.00,26.1,28.60,26.00
18/08/2021,26.00,26.00,1.60 (6.56 %)," ","973,729","25,348,454,000",0,0,24.40,24.40,26.80,24.40
17/08/2021,24.40,24.40,2.10 (9.42 %)," ","2,088,722","50,785,865,100",60,"1,206,000",22.30,22.3,24.50,22.30
16/08/2021,22.30,22.30,1.30 (6.19 %)," ","1,293,749","28,237,903,700",0,0,21.00,21.50,22.50,21.00
13/08/2021,21.00,21.00,0.80 (3.96 %)," ","1,324,281","27,976,976,600",0,0,20.20,21.0,22.10,20.00
12/08/2021,20.20,20.20,1.80 (9.78 %)," ","1,240,553","24,936,514,900",0,0,18.40,18.50,20.20,18.50
11/08/2021,18.40,18.40,1.60 (9.52 %)," ","1,014,863","18,423,739,800",0,0,16.80,16.9,18.40,16.80
10/08/2021,16.80,16.80,0.90 (5.66 %)," ","553,844","9,114,997,200",0,0,15.90,16.00,16.80,16.00
09/08/2021,15.90,15.90,0.30 (1.92 %)," ","257,046","4,018,597,600",0,0,15.60,15.6,16.00,15.30
05/08/2021,15.90,15.90,0.20 (1.27 %)," ","174,480","2,767,766,800",0,0,15.70,15.7,16.00,15.60
04/08/2021,15.70,15.70,0.40 (2.61 %)," ","312,601","4,893,110,000",0,0,15.30,15.30,16.00,15.20
03/08/2021,15.30,15.30,0.10 (0.66 %)," ","288,756","4,397,025,600",0,0,15.20,15.1,15.50,15.00
02/08/2021,15.20,15.20,0.00 (0.00 %)," ","245,710","3,726,521,000",0,0,15.20,15.20,15.50,14.70
30/07/2021,15.20,15.20,0.70 (4.83 %)," ","238,427","3,576,553,400",0,0,14.50,14.8,15.30,14.60
29/07/2021,14.50,14.50,0.10 (0.69 %)," ","133,650","1,934,778,700",0,0,14.40,14.40,14.60,14.40
28/07/2021,14.40,14.40,0.20 (1.41 %)," ","71,500","1,020,040,000",0,0,14.20,14.2,14.40,14.20
27/07/2021,14.20,14.20,0.20 (1.43 %)," ","155,600","2,210,230,000",0,0,14.00,14.00,14.50,13.90
26/07/2021,14.00,14.00,-0.30 (-2.10 %)," ","130,210","1,823,120,000",1,"12,900",14.30,14.3,14.30,13.80
23/07/2021,14.30,14.30,-0.30 (-2.05 %)," ","124,600","1,795,540,000",0,0,14.60,14.50,14.70,14.20
22/07/2021,14.60,14.60,0.20 (1.39 %)," ","118,210","1,717,445,000",0,0,14.40,14.4,14.60,14.20
21/07/2021,14.40,14.40,-0.50 (-3.36 %)," ","121,103","1,780,594,100",0,0,14.90,15.00,15.00,14.40
20/07/2021,14.90,14.90,0.90 (6.43 %)," ","221,808","3,114,122,000",0,0,14.00,13.8,14.90,13.50
19/07/2021,14.00,14.00,-1.00 (-6.67 %)," ","220,905","3,117,031,000",0,0,15.00,15.00,15.00,13.60
16/07/2021,15.00,15.00,0.00 (0.00 %)," ","147,605","2,227,849,800",0,0,15.00,15.5,15.50,14.90
15/07/2021,15.00,15.00,0.50 (3.45 %)," ","154,421","2,265,736,600",0,0,14.50,14.20,15.30,14.00
14/07/2021,14.50,14.50,0.50 (3.57 %)," ","189,000","2,738,120,000",0,0,14.00,14.3,15.00,14.10
13/07/2021,14.00,14.00,0.30 (2.19 %)," ","112,606","1,574,633,400",0,0,13.70,13.70,14.30,13.70
12/07/2021,13.70,13.70,-1.30 (-8.67 %)," ","451,855","6,228,674,700",0,0,15.00,15.0,15.10,13.50
08/07/2021,16.30,16.30,-0.40 (-2.40 %)," ","179,001","2,949,096,700",37,"558,700",16.70,16.7,16.70,16.20
07/07/2021,16.70,16.70,-0.10 (-0.60 %)," ","380,840","6,299,901,500",0,0,16.80,16.90,17.70,16.10
06/07/2021,16.80,16.80,-1.80 (-9.68 %)," ","319,040","5,743,484,700",0,0,18.60,18.6,18.80,16.80
05/07/2021,18.60,18.60,-0.30 (-1.59 %)," ","273,020","5,127,208,000",0,0,18.90,19.00,19.10,18.60
02/07/2021,18.90,18.90,0.00 (0.00 %)," ","177,288","3,361,408,000",0,0,18.90,19.1,19.20,18.80
01/07/2021,18.90,18.90,-0.10 (-0.53 %)," ","198,923","3,786,047,000",60,"1,026,000",19.00,19.00,19.40,18.80
30/06/2021,19.00,19.00,0.00 (0.00 %)," ","96,832","1,849,331,200",0,0,19.00,19.0,19.30,19.00
29/06/2021,19.00,19.00,-0.60 (-3.06 %)," ","167,701","3,218,546,600",0,0,19.60,19.60,19.60,19.00
28/06/2021,19.60,19.60,0.70 (3.70 %)," ","402,642","7,849,756,200",0,0,18.90,19.0,20.00,19.00
25/06/2021,18.90,18.90,-0.20 (-1.05 %)," ","218,200","4,122,766,400",0,0,19.10,19.10,19.10,18.80
24/06/2021,19.10,19.10,-0.30 (-1.55 %)," ","247,920","4,712,400,000",0,0,19.40,19.2,19.30,18.80
23/06/2021,19.40,19.40,-0.10 (-0.51 %)," ","193,839","3,729,572,700",0,0,19.50,19.50,19.50,19.10
22/06/2021,19.50,19.50,-0.10 (-0.51 %)," ","209,123","4,084,338,500",0,0,19.60,19.6,20.00,19.40
18/06/2021,20.20,20.20,1.30 (6.88 %)," ","849,275","16,780,685,700",0,0,18.90,19.00,20.30,19.00
17/06/2021,18.90,18.90,0.20 (1.07 %)," ","228,939","4,260,741,400",0,0,18.70,18.7,18.90,18.30
16/06/2021,18.70,18.70,-0.50 (-2.60 %)," ","392,616","7,387,616,000",0,0,19.20,19.20,19.20,18.50
15/06/2021,19.20,19.20,-0.20 (-1.03 %)," ","470,162","9,011,568,500",0,0,19.40,19.2,19.50,18.90
14/06/2021,19.40,19.40,-0.50 (-2.51 %)," ","415,200","8,086,907,400",0,0,19.90,19.80,19.90,19.20
11/06/2021,19.90,19.90,0.30 (1.53 %)," ","299,262","5,916,222,100",0,0,19.60,19.6,20.00,19.60
09/06/2021,20.00,20.00,0.40 (2.04 %)," ","317,600","6,238,630,000",0,0,19.60,19.5,20.50,19.00
08/06/2021,19.60,19.60,-1.40 (-6.67 %)," ","529,950","10,782,790,000",0,0,21.00,21.20,21.30,19.50
07/06/2021,21.00,21.00,0.80 (3.96 %)," ","1,046,570","21,804,263,400",0,0,20.20,20.2,21.30,20.20
04/06/2021,20.20,20.20,0.70 (3.59 %)," ","578,733","11,570,563,400",0,0,19.50,19.50,20.30,19.40
03/06/2021,19.50,19.50,0.40 (2.09 %)," ","404,606","7,913,810,800",0,0,19.10,20.0,20.20,19.30
02/06/2021,19.11,20.10,-0.20 (-0.99 %)," ","343,720","6,906,413,000",0,0,20.30,20.30,20.40,20.00
01/06/2021,19.30,20.30,-0.20 (-0.98 %)," ","282,666","5,771,902,600",0,0,20.50,20.6,20.90,20.10
31/05/2021,19.49,20.50,0.60 (3.02 %)," ","384,695","7,881,711,500",0,0,19.90,20.00,21.00,20.00
28/05/2021,18.92,19.90,-0.10 (-0.50 %)," ","347,076","6,879,573,900",0,0,20.00,20.0,20.00,19.60
27/05/2021,19.01,20.00,-0.30 (-1.48 %)," ","344,426","6,835,021,500",0,0,20.30,20.20,20.20,19.60
26/05/2021,19.30,20.30,-0.50 (-2.40 %)," ","320,690","6,537,980,000",0,0,20.80,20.8,21.00,20.10
25/05/2021,19.77,20.80,1.20 (6.12 %)," ","435,550","8,852,401,500",12,"212,400",19.60,19.70,20.90,19.70
24/05/2021,18.63,19.60,-0.20 (-1.01 %)," ","389,401","7,711,570,200",0,0,19.80,19.8,20.30,19.50
21/05/2021,18.82,19.80,-0.80 (-3.88 %)," ","496,003","9,875,023,000",0,0,20.60,20.40,20.50,19.60
20/05/2021,19.58,20.60,-0.90 (-4.19 %)," ","681,241","14,072,714,300",0,0,21.50,21.5,21.50,20.40
19/05/2021,20.44,21.50,-0.80 (-3.59 %)," ","299,479","6,497,028,100",76,"1,527,600",22.30,22.20,22.20,21.00
18/05/2021,21.20,22.30,0.90 (4.21 %)," ","379,766","8,345,399,800",0,0,21.40,21.4,22.40,21.40
17/05/2021,20.35,21.40,0.00 (0.00 %)," ","597,968","12,422,147,200",0,0,21.40,21.30,21.40,20.50
14/05/2021,20.35,21.40,-1.00 (-4.46 %)," ","916,706","19,770,058,400",0,0,22.40,21.8,22.40,20.50
12/05/2021,22.06,23.20,-0.10 (-0.43 %)," ","618,436","14,206,142,100",0,0,23.30,23.4,23.40,22.50
11/05/2021,22.15,23.30,-1.10 (-4.51 %)," ","1,300,743","31,612,668,100",0,0,24.40,24.40,25.50,23.20
10/05/2021,23.20,24.40,1.90 (8.44 %)," ","1,158,397","27,781,066,000",0,0,22.50,22.5,24.50,22.10
07/05/2021,21.39,22.50,0.50 (2.27 %)," ","1,149,580","25,940,022,000",0,0,22.00,22.00,23.10,21.50
06/05/2021,20.92,22.00,0.60 (2.80 %)," ","811,548","17,807,247,200",0,0,21.40,21.4,22.50,21.10
05/05/2021,20.35,21.40,-0.30 (-1.38 %)," ","474,568","10,240,574,000",0,0,21.70,21.80,22.00,21.20
04/05/2021,20.63,21.70,0.50 (2.36 %)," ","380,301","8,000,845,600",0,0,21.20,21.2,21.90,19.50
29/04/2021,20.15,21.20,0.50 (2.42 %)," ","420,746","8,901,901,800",0,0,20.70,21.00,21.50,20.60
28/04/2021,19.68,20.70,0.50 (2.48 %)," ","304,734","6,339,767,800",0,0,20.20,20.2,21.30,20.20
27/04/2021,19.20,20.20,0.00 (0.00 %)," ","410,138","8,270,693,200",0,0,20.20,20.20,20.90,19.40
26/04/2021,19.20,20.20,-1.70 (-7.76 %)," ","574,268","11,998,999,600",0,0,21.90,22.5,22.50,20.20
23/04/2021,20.82,21.90,0.40 (1.86 %)," ","994,086","20,855,847,300",0,0,21.50,21.00,21.90,20.00
22/04/2021,20.44,21.50,-1.60 (-6.93 %)," ","625,320","13,804,806,800",0,0,23.10,23.0,23.00,21.50
20/04/2021,21.96,23.10,-1.30 (-5.33 %)," ","795,893","18,835,585,300",92,"2,024,000",24.40,25.00,25.00,22.80
19/04/2021,23.20,24.40,1.70 (7.49 %)," ","1,725,148","39,869,448,700",0,0,22.70,22.7,24.50,21.90
16/04/2021,21.58,22.70,-0.30 (-1.30 %)," ","971,786","21,781,362,200",0,0,23.00,23.00,23.20,21.00
15/04/2021,21.87,23.00,0.10 (0.44 %)," ","644,872","14,898,844,100",0,0,22.90,22.6,23.90,22.30
14/04/2021,21.77,22.90,1.40 (6.51 %)," ","709,133","15,799,571,100",0,0,21.50,21.50,23.00,21.00
13/04/2021,20.44,21.50,-1.60 (-6.93 %)," ","820,832","18,289,403,800",0,0,23.10,23.1,23.40,21.00
09/04/2021,22.15,23.30,1.70 (7.87 %)," ","738,415","16,527,056,000",0,0,21.60,21.5,23.70,21.00
08/04/2021,20.54,21.60,-0.10 (-0.46 %)," ","660,308","14,140,412,100",0,0,21.70,21.70,22.00,20.80
07/04/2021,20.63,21.70,1.90 (9.60 %)," ","890,350","18,641,413,800",0,0,19.80,19.8,21.70,19.80
06/04/2021,18.82,19.80,0.40 (2.06 %)," ","779,395","15,579,315,500",28,"490,000",19.40,19.40,20.50,19.40
05/04/2021,18.44,19.40,0.00 (0.00 %)," ","632,843","12,099,686,600",0,0,19.40,19.4,19.50,18.50
02/04/2021,18.44,19.40,-0.20 (-1.02 %)," ","455,385","8,911,673,900",0,0,19.60,19.80,20.10,19.10
01/04/2021,18.63,19.60,0.10 (0.51 %)," ","393,305","7,748,294,100",0,0,19.50,20.5,20.90,19.40
31/03/2021,18.54,19.50,1.70 (9.55 %)," ","1,937,319","37,031,340,700",0,0,17.80,17.70,19.50,17.40
30/03/2021,16.92,17.80,0.00 (0.00 %)," ","263,260","4,667,148,000",48,"772,800",17.80,18.0,18.10,17.50
29/03/2021,16.92,17.80,0.20 (1.14 %)," ","213,062","3,750,716,400",0,0,17.60,17.70,17.90,17.30
26/03/2021,16.73,17.60,-0.40 (-2.22 %)," ","659,650","11,414,176,700",0,0,18.00,17.8,18.20,16.20
25/03/2021,17.11,18.00,-0.20 (-1.10 %)," ","356,050","6,453,315,000",32,"524,800",18.20,18.60,18.60,18.00
24/03/2021,17.30,18.20,-0.60 (-3.19 %)," ","300,783","5,474,371,600",0,0,18.80,18.8,18.80,17.90
23/03/2021,17.87,18.80,0.50 (2.73 %)," ","765,048","14,359,559,500",0,0,18.30,18.30,19.20,18.10
22/03/2021,17.40,18.30,-0.20 (-1.08 %)," ","326,411","5,967,142,800",0,0,18.50,18.5,18.50,18.00
19/03/2021,17.59,18.50,-0.20 (-1.07 %)," ","259,883","4,823,069,500",80,"1,496,000",18.70,17.80,18.80,17.50
18/03/2021,17.78,18.70,-0.10 (-0.53 %)," ","235,009","4,388,220,500",48,"902,400",18.80,18.9,19.10,18.40
17/03/2021,17.87,18.80,0.80 (4.44 %)," ","358,516","6,657,667,100",20,"360,000",18.00,18.00,19.00,18.00
16/03/2021,17.11,18.00,-0.40 (-2.17 %)," ","665,206","12,083,823,200",61,"1,122,400",18.40,18.4,18.50,17.90
12/03/2021,17.97,18.90,-0.20 (-1.05 %)," ","313,065","5,939,137,200",0,0,19.10,19.1,19.30,18.70
11/03/2021,18.16,19.10,0.00 (0.00 %)," ","472,560","8,986,980,000",0,0,19.10,19.10,19.60,18.70
10/03/2021,18.16,19.10,-0.40 (-2.05 %)," ","304,488","5,828,280,600","16,400","288,640,000",19.50,19.5,19.50,18.90
09/03/2021,18.54,19.50,-0.70 (-3.47 %)," ","352,130","6,958,891,000",0,0,20.20,20.20,20.50,19.00
08/03/2021,19.20,20.20,1.20 (6.32 %)," ","722,692","14,261,808,500",0,0,19.00,18.9,20.90,18.60
05/03/2021,18.06,19.00,-0.20 (-1.04 %)," ","703,901","13,256,619,500",0,0,19.20,19.20,19.40,18.30
04/03/2021,18.25,19.20,-0.50 (-2.54 %)," ","849,864","16,236,754,800",0,0,19.70,19.7,20.70,18.10
03/03/2021,18.73,19.70,1.70 (9.44 %)," ","701,879","13,356,391,500",8,"129,600",18.00,18.00,19.80,17.50
02/03/2021,17.11,18.00,-0.40 (-2.17 %)," ","763,714","13,537,678,500",0,0,18.40,18.4,18.40,17.40
01/03/2021,17.49,18.40,0.10 (0.55 %)," ","664,931","12,449,215,100",12,"198,000",18.30,18.60,19.20,18.00
26/02/2021,17.40,18.30,1.60 (9.58 %)," ","1,181,054","21,241,954,200",0,0,16.70,16.9,18.30,16.80
25/02/2021,15.88,16.70,1.50 (9.87 %)," ","1,264,787","20,419,677,000",0,0,15.20,15.20,16.70,15.20
24/02/2021,14.45,15.20,-0.20 (-1.30 %)," ","638,222","9,754,919,200",0,0,15.40,15.5,16.00,14.80
23/02/2021,14.64,15.40,-0.30 (-1.91 %)," ","534,704","8,281,054,600",0,0,15.70,15.90,16.00,15.20
22/02/2021,14.93,15.70,0.50 (3.29 %)," ","554,985","8,900,082,900",0,0,15.20,15.6,16.70,15.10
19/02/2021,14.45,15.20,1.30 (9.35 %)," ","1,364,426","20,312,722,900",0,0,13.90,14.00,15.20,13.50
18/02/2021,13.21,13.90,1.20 (9.45 %)," ","1,123,682","15,389,489,800",0,0,12.70,12.8,13.90,12.80
17/02/2021,12.07,12.70,0.30 (2.42 %)," ","196,007","2,469,731,100",0,0,12.40,12.40,12.80,12.40
09/02/2021,11.79,12.40,0.10 (0.81 %)," ","83,600","1,026,690,000",0,0,12.30,12.3,12.50,11.80
05/02/2021,11.98,12.60,-0.10 (-0.79 %)," ","152,470","1,948,341,000",0,0,12.70,12.7,13.00,12.60
04/02/2021,12.07,12.70,0.00 (0.00 %)," ","116,247","1,470,993,400",0,0,12.70,12.70,12.80,12.40
03/02/2021,12.07,12.70,0.40 (3.25 %)," ","157,967","1,973,782,400","12,000","133,200,000",12.30,12.2,12.90,12.20
02/02/2021,11.69,12.30,0.00 (0.00 %)," ","116,100","1,401,350,000",0,0,12.30,12.30,12.40,11.70
01/02/2021,11.69,12.30,0.20 (1.65 %)," ","179,900","2,239,250,000",0,0,12.10,12.5,13.10,11.90
29/01/2021,11.50,12.10,1.10 (10.00 %)," ","281,110","3,210,660,000",0,0,11.00,10.00,12.10,9.90
28/01/2021,10.46,11.00,-1.20 (-9.84 %)," ","328,088","3,690,386,500",0,0,12.20,12.2,12.20,11.00
27/01/2021,11.60,12.20,-0.70 (-5.43 %)," ","171,388","2,175,294,400",0,0,12.90,12.90,13.40,11.80
26/01/2021,12.26,12.90,-0.40 (-3.01 %)," ","277,200","3,597,200,000",0,0,13.30,13.3,13.30,12.60
25/01/2021,12.64,13.30,0.00 (0.00 %)," ","237,564","3,155,713,800",20,"240,000",13.30,13.20,13.50,13.00
22/01/2021,12.64,13.30,0.30 (2.31 %)," ","449,273","5,940,163,300",0,0,13.00,13.0,13.40,13.00
21/01/2021,12.36,13.00,0.60 (4.84 %)," ","196,566","2,539,049,600",0,0,12.40,12.70,13.10,12.50
20/01/2021,11.79,12.40,-0.30 (-2.36 %)," ","183,772","2,211,333,100",0,0,12.70,12.7,12.70,11.50
19/01/2021,12.07,12.70,-0.80 (-5.93 %)," ","576,646","7,246,458,600",0,0,13.50,13.60,13.70,12.20
18/01/2021,12.83,13.50,-0.30 (-2.17 %)," ","363,803","4,980,552,100",0,0,13.80,13.9,14.00,13.50
15/01/2021,13.12,13.80,-0.20 (-1.43 %)," ","469,990","6,461,183,600",28,"352,800",14.00,14.00,14.10,13.50
14/01/2021,13.31,14.00,0.00 (0.00 %)," ","164,080","2,279,563,000",32,"403,200",14.00,14.1,14.20,13.80
13/01/2021,13.31,14.00,0.10 (0.72 %)," ","674,919","9,608,333,200",0,0,13.90,14.10,14.50,13.90
12/01/2021,13.21,13.90,1.20 (9.45 %)," ","908,528","12,197,781,000",24,"276,000",12.70,13.3,13.90,12.80
08/01/2021,11.98,12.60,0.10 (0.80 %)," ","255,314","3,226,822,600",20,"226,000",12.50,12.6,13.00,12.40
07/01/2021,11.88,12.50,0.00 (0.00 %)," ","98,590","1,225,975,700",0,0,12.50,12.50,12.60,12.30
06/01/2021,11.88,12.50,0.00 (0.00 %)," ","267,954","3,350,708,000",8,"90,400",12.50,12.8,12.80,12.20
05/01/2021,11.88,12.50,-0.50 (-3.85 %)," ","273,194","3,447,664,200",0,0,13.00,13.20,13.20,12.50
04/01/2021,12.36,13.00,0.20 (1.56 %)," ","377,450","4,867,901,200",0,0,12.80,12.8,13.60,12.50
31/12/2020,12.17,12.80,0.30 (2.40 %)," ","40,691","513,448,800",0,0,12.50,12.60,12.80,12.50
30/12/2020,11.88,12.50,-0.50 (-3.85 %)," ","265,171","3,325,404,600",0,0,13.00,13.0,13.00,12.30
29/12/2020,12.36,13.00,0.00 (0.00 %)," ","134,379","1,738,225,700",0,0,13.00,13.50,13.50,12.80
28/12/2020,12.36,13.00,-0.60 (-4.41 %)," ","246,046","3,291,897,000",0,0,13.60,13.6,13.70,12.50
25/12/2020,12.93,13.60,0.00 (0.00 %)," ","88,152","1,195,561,000",0,0,13.60,13.70,13.80,13.40
24/12/2020,12.93,13.60,-0.30 (-2.16 %)," ","74,217","994,980,100",0,0,13.90,14.0,14.00,13.10
23/12/2020,13.21,13.90,0.80 (6.11 %)," ","371,920","5,051,508,700",0,0,13.10,13.30,14.00,13.00
22/12/2020,12.45,13.10,0.20 (1.55 %)," ","163,819","2,119,736,000",40,"468,000",12.90,12.9,13.20,12.80
21/12/2020,12.26,12.90,-0.20 (-1.53 %)," ","200,744","2,625,532,800",0,0,13.10,13.00,13.50,12.90
18/12/2020,12.45,13.10,-0.40 (-2.96 %)," ","82,480","1,102,947,400",0,0,13.50,13.6,13.70,13.10
17/12/2020,12.83,13.50,0.20 (1.50 %)," ","150,934","2,041,127,200",0,0,13.30,14.40,14.40,13.30
16/12/2020,12.64,13.30,0.90 (7.26 %)," ","191,213","2,498,373,300",0,0,12.40,12.4,13.50,12.40
15/12/2020,11.79,12.40,-0.10 (-0.80 %)," ","199,144","2,481,227,600",0,0,12.50,12.50,12.70,12.20
14/12/2020,11.88,12.50,0.90 (7.76 %)," ","254,738","3,095,365,600",84,"882,000",11.60,11.8,12.50,11.80
10/12/2020,10.84,11.40,-0.10 (-0.87 %)," ","148,046","1,697,613,400",0,0,11.50,11.5,11.70,11.30
09/12/2020,10.93,11.50,0.00 (0.00 %)," ","148,726","1,705,220,000",0,0,11.50,11.50,11.70,11.20
08/12/2020,10.93,11.50,-0.30 (-2.54 %)," ","151,899","1,755,803,300",0,0,11.80,11.8,11.80,11.50
07/12/2020,11.22,11.80,0.60 (5.36 %)," ","218,956","2,565,499,600",0,0,11.20,11.50,12.00,11.50
04/12/2020,10.65,11.20,0.50 (4.67 %)," ","246,119","2,714,117,600",0,0,10.70,10.7,11.50,10.60
03/12/2020,10.17,10.70,0.10 (0.94 %)," ","226,335","2,402,110,000",0,0,10.60,10.60,10.80,10.50
02/12/2020,10.08,10.60,0.00 (0.00 %)," ","154,869","1,627,135,400",20,"192,000",10.60,10.6,10.70,10.30
01/12/2020,10.08,10.60,0.10 (0.95 %)," ","194,049","2,031,390,600",0,0,10.50,10.30,10.60,10.10
30/11/2020,9.98,10.50,-0.10 (-0.94 %)," ","191,832","2,006,496,000",0,0,10.60,10.8,10.80,10.30
27/11/2020,10.08,10.60,0.70 (7.07 %)," ","297,184","3,083,466,600",0,0,9.90,9.90,10.70,9.90
26/11/2020,9.41,9.90,-0.10 (-1.00 %)," ","363,299","3,489,940,400",84,"756,000",10.00,9.8,10.00,9.10
25/11/2020,9.51,10.00,0.00 (0.00 %)," ","135,941","1,352,243,900",0,0,10.00,10.00,10.10,9.80
24/11/2020,9.51,10.00,-0.20 (-1.96 %)," ","254,590","2,562,288,000",0,0,10.20,10.1,10.30,9.90
23/11/2020,9.70,10.20,-0.30 (-2.86 %)," ","176,150","1,807,341,000",0,0,10.50,10.50,10.50,10.10
20/11/2020,9.98,10.50,0.10 (0.96 %)," ","240,350","2,466,669,200",0,0,10.40,10.8,10.80,10.00
19/11/2020,9.89,10.40,0.00 (0.00 %)," ","233,523","2,519,972,000",0,0,10.40,11.00,11.40,10.20
18/11/2020,9.89,10.40,0.90 (9.47 %)," ","404,822","4,200,761,700",0,0,9.50,10.4,10.40,10.00
17/11/2020,9.03,9.50,0.80 (9.20 %)," ","362,472","3,429,754,400",0,0,8.70,8.80,9.50,8.80
16/11/2020,8.27,8.70,0.10 (1.16 %)," ","67,050","578,985,000",0,0,8.60,8.6,8.70,8.50
12/11/2020,8.18,8.60,0.20 (2.38 %)," ","123,870","1,068,828,000",0,0,8.40,8.4,8.80,8.40
11/11/2020,7.99,8.40,0.40 (5.00 %)," ","100,598","821,218,800",0,0,8.00,7.90,8.60,7.90
10/11/2020,7.61,8.00,0.00 (0.00 %)," ","50,740","403,090,000",100,"720,000",8.00,8.0,8.10,7.80
09/11/2020,7.61,8.00,0.20 (2.56 %)," ","21,100","165,480,000",0,0,7.80,7.80,8.00,7.80
06/11/2020,7.42,7.80,-0.30 (-3.70 %)," ","55,860","439,574,000",0,0,8.10,8.1,8.10,7.80
05/11/2020,7.70,8.10,-0.10 (-1.22 %)," ","13,308","106,273,200",0,0,8.20,8.20,8.20,7.90
04/11/2020,7.80,8.20,0.20 (2.50 %)," ","25,600","205,370,000",0,0,8.00,7.9,8.30,7.90
03/11/2020,7.61,8.00,0.00 (0.00 %)," ","13,012","104,106,000",0,0,8.00,8.00,8.10,8.00
02/11/2020,7.61,8.00,-0.10 (-1.23 %)," ","2,550","20,410,000",0,0,8.10,8.1,8.10,8.00
30/10/2020,7.70,8.10,0.00 (0.00 %)," ","31,700","255,530,000",0,0,8.10,8.10,8.20,8.00
29/10/2020,7.70,8.10,0.10 (1.25 %)," ","78,716","634,629,600",0,0,8.00,7.9,8.20,7.90
28/10/2020,7.61,8.00,-0.20 (-2.44 %)," ","4,600","36,500,000",0,0,8.20,8.10,8.10,7.90
27/10/2020,7.80,8.20,0.00 (0.00 %)," ","73,106","589,894,400",0,0,8.20,8.1,8.20,7.90
26/10/2020,7.80,8.20,0.20 (2.50 %)," ","72,060","582,820,000",0,0,8.00,8.00,8.20,7.90
23/10/2020,7.61,8.00,-0.20 (-2.44 %)," ","36,504","293,298,600",72,"532,800",8.20,8.3,8.30,7.90
22/10/2020,7.80,8.20,0.30 (3.80 %)," ","33,210","266,649,000",84,"604,800",7.90,8.00,8.20,7.80
21/10/2020,7.51,7.90,-0.20 (-2.47 %)," ","49,904","402,513,600",0,0,8.10,8.2,8.20,7.90
20/10/2020,7.70,8.10,-0.30 (-3.57 %)," ","63,755","517,059,500",0,0,8.40,8.30,8.30,8.00
19/10/2020,7.99,8.40,0.10 (1.20 %)," ","51,466","429,497,700",0,0,8.30,8.6,8.60,8.20
15/10/2020,7.80,8.20,0.70 (9.33 %)," ","308,990","2,414,726,500",0,0,7.50,7.5,8.20,7.40
14/10/2020,7.13,7.50,-0.10 (-1.32 %)," ","92,267","692,042,500",0,0,7.60,7.50,7.60,7.50
13/10/2020,7.23,7.60,-0.10 (-1.30 %)," ","8,835","66,632,500",0,0,7.70,7.6,7.60,7.50
12/10/2020,7.32,7.70,0.00 (0.00 %)," ","11,100","85,330,000",0,0,7.70,7.70,7.80,7.60
09/10/2020,7.32,7.70,0.00 (0.00 %)," ","54,198","417,443,600",0,0,7.70,7.9,7.90,7.70
08/10/2020,7.32,7.70,0.00 (0.00 %)," ","89,020","684,954,000",0,0,7.70,7.70,7.70,7.60
07/10/2020,7.32,7.70,0.00 (0.00 %)," ","85,564","658,243,400",0,0,7.70,7.6,7.70,7.60
06/10/2020,7.32,7.70,0.00 (0.00 %)," ","5,649","43,321,100",0,0,7.70,7.70,7.70,7.60
05/10/2020,7.32,7.70,0.00 (0.00 %)," ","1,850","14,175,000",0,0,7.70,7.7,7.70,7.60
02/10/2020,7.32,7.70,0.00 (0.00 %)," ","29,700","223,680,000",0,0,7.70,7.50,7.70,7.50
01/10/2020,7.32,7.70,0.00 (0.00 %)," ","14,235","109,782,500",0,0,7.70,7.8,7.90,7.70
30/09/2020,7.32,7.70,0.00 (0.00 %)," ","24,809","191,227,400",0,0,7.70,7.80,7.80,7.70
29/09/2020,7.32,7.70,-0.30 (-3.75 %)," ","59,453","468,152,600",0,0,8.00,8.0,8.10,7.60
28/09/2020,7.61,8.00,0.70 (9.59 %)," ","45,611","346,930,900",0,0,7.30,7.30,8.00,7.30
25/09/2020,6.94,7.30,0.20 (2.82 %)," ","9,125","65,759,500",0,0,7.10,7.2,7.30,7.20
24/09/2020,6.75,7.10,-0.10 (-1.39 %)," ","8,760","62,738,000",0,0,7.20,7.20,7.30,7.10
23/09/2020,6.85,7.20,-0.10 (-1.37 %)," ","7,328","52,780,000",0,0,7.30,7.3,7.30,7.10
22/09/2020,6.94,7.30,0.00 (0.00 %)," ","26,500","191,630,000",0,0,7.30,7.20,7.30,7.20
21/09/2020,6.94,7.30,0.10 (1.39 %)," ","30,410","219,602,000",0,0,7.20,7.2,7.30,7.20
17/09/2020,6.75,7.10,-0.10 (-1.39 %)," ","35,388","249,967,800",0,0,7.20,7.2,7.20,7.00
16/09/2020,6.85,7.20,0.00 (0.00 %)," ","30,333","217,007,600",0,0,7.20,7.20,7.30,7.10
15/09/2020,6.85,7.20,-0.10 (-1.37 %)," ","34,150","242,871,000",0,0,7.30,7.1,7.30,7.00
14/09/2020,6.94,7.30,0.00 (0.00 %)," ","5,020","36,152,000",0,0,7.30,7.20,7.30,7.20
11/09/2020,6.94,7.30,0.10 (1.39 %)," ","12,918","93,198,600",0,0,7.20,7.3,7.50,7.10
10/09/2020,6.85,7.20,0.00 (0.00 %)," ","10,510","75,691,000",0,0,7.20,7.30,7.30,7.20
09/09/2020,6.85,7.20,0.00 (0.00 %)," ","8,170","58,011,800",0,0,7.20,7.1,7.20,7.10
08/09/2020,6.85,7.20,0.20 (2.86 %)," ","8,910","63,301,000",0,0,7.00,7.00,7.20,7.00
07/09/2020,6.65,7.00,-0.20 (-2.78 %)," ","3,805","27,195,500",0,0,7.20,7.2,7.20,7.00
04/09/2020,6.85,7.20,0.00 (0.00 %)," ","2,081","14,971,000",0,0,7.20,7.20,7.20,7.20
03/09/2020,6.85,7.20,0.00 (0.00 %)," ","35,110","252,791,000",0,0,7.20,7.2,7.20,7.20
01/09/2020,6.85,7.20,0.00 (0.00 %)," ","5,000","36,000,000",0,0,7.20,7.20,7.20,7.20
31/08/2020,6.85,7.20,-0.10 (-1.37 %)," ","2,235","16,086,000",0,0,7.30,7.2,7.20,7.20
28/08/2020,6.94,7.30,0.10 (1.39 %)," ","45,100","324,310,000",0,0,7.20,7.10,7.30,7.10
27/08/2020,6.85,7.20,0.00 (0.00 %)," ","3,728","26,476,000",0,0,7.20,7.1,7.20,7.10
26/08/2020,6.85,7.20,0.00 (0.00 %)," ","2,163","15,501,100",0,0,7.20,7.10,7.20,7.10
25/08/2020,6.85,7.20,0.10 (1.41 %)," ","4,915","34,855,000",0,0,7.10,7.0,7.20,7.00
24/08/2020,6.75,7.10,0.00 (0.00 %)," ","13,024","92,463,200",76,"486,400",7.10,7.10,7.10,7.10
21/08/2020,6.75,7.10,0.10 (1.43 %)," ","3,900","27,410,000",0,0,7.00,7.1,7.10,7.00
19/08/2020,6.65,7.00,0.10 (1.45 %)," ","4,400","30,840,000",0,0,6.90,7.0,7.10,7.00
18/08/2020,6.56,6.90,-0.10 (-1.43 %)," ","4,050","28,305,000",0,0,7.00,7.00,7.00,6.90
17/08/2020,6.65,7.00,0.10 (1.45 %)," ",200,"1,380,000",0,0,6.90,6.8,7.00,6.80
14/08/2020,6.56,6.90,-0.10 (-1.43 %)," ","20,040","138,829,000",0,0,7.00,6.90,7.00,6.90
13/08/2020,6.65,7.00,0.00 (0.00 %)," ","6,637","45,353,400",0,0,7.00,6.8,7.00,6.80
12/08/2020,6.65,7.00,0.10 (1.45 %)," ","5,910","41,169,000",0,0,6.90,7.00,7.00,6.90
11/08/2020,6.56,6.90,-0.10 (-1.43 %)," ","9,272","63,339,600",0,0,7.00,6.8,7.00,6.80
10/08/2020,6.65,7.00,0.00 (0.00 %)," ","5,021","35,156,800",0,0,7.00,7.10,7.10,7.00
07/08/2020,6.65,7.00,0.00 (0.00 %)," ","1,100","7,500,000",0,0,7.00,6.8,7.00,6.80
06/08/2020,6.65,7.00,0.00 (0.00 %)," ","1,066","7,448,800",0,0,7.00,7.00,7.00,7.00
05/08/2020,6.65,7.00,0.20 (2.94 %)," ","2,201","15,097,100",0,0,6.80,6.8,7.10,6.80
04/08/2020,6.46,6.80,-0.20 (-2.86 %)," ","8,100","55,280,000",0,0,7.00,7.00,7.00,6.70
03/08/2020,6.65,7.00,0.00 (0.00 %)," ",160,"1,120,000",0,0,7.00,7.0,7.00,7.00
31/07/2020,6.65,7.00,0.00 (0.00 %)," ","1,900","13,300,000",0,0,7.00,7.00,7.00,7.00
30/07/2020,6.65,7.00,0.10 (1.45 %)," ",150,"1,045,000",0,0,6.90,7.0,7.00,7.00
29/07/2020,6.56,6.90,-0.10 (-1.43 %)," ",860,"5,902,000",0,0,7.00,6.50,7.10,6.50
28/07/2020,6.65,7.00,0.00 (0.00 %)," ","2,800","19,600,000",0,0,7.00,7.0,7.00,7.00
27/07/2020,6.65,7.00,0.00 (0.00 %)," ","12,650","85,760,000",0,0,7.00,7.00,7.00,6.50
24/07/2020,6.65,7.00,-0.10 (-1.41 %)," ","7,800","54,290,000",0,0,7.10,7.0,7.00,6.90
22/07/2020,6.65,7.00,0.00 (0.00 %)," ","7,920","55,440,000",0,0,7.00,7.0,7.00,7.00
21/07/2020,6.65,7.00,0.00 (0.00 %)," ","1,342","9,372,800",0,0,7.00,6.90,7.00,6.90
20/07/2020,6.65,7.00,0.00 (0.00 %)," ","2,400","16,910,000",0,0,7.00,7.1,7.10,7.00
17/07/2020,6.65,7.00,0.00 (0.00 %)," ","5,610","39,300,000",0,0,7.00,7.10,7.10,7.00
16/07/2020,6.65,7.00,-0.10 (-1.41 %)," ",100,"700,000",0,0,7.10,7.0,7.00,7.00
15/07/2020,6.75,7.10,0.10 (1.43 %)," ","11,234","79,118,000",0,0,7.00,7.00,7.20,7.00
14/07/2020,6.65,7.00,0.00 (0.00 %)," ","7,150","50,050,000",0,0,7.00,7.0,7.00,7.00
13/07/2020,6.65,7.00,-0.10 (-1.41 %)," ","13,000","92,100,000",20,"128,000",7.10,7.10,7.10,7.00
10/07/2020,6.75,7.10,-0.10 (-1.39 %)," ","5,510","38,581,000",0,0,7.20,7.0,7.10,7.00
09/07/2020,6.85,7.20,0.10 (1.41 %)," ","21,840","154,238,000",0,0,7.10,7.00,7.20,7.00
08/07/2020,6.75,7.10,0.20 (2.90 %)," ","7,997","56,048,600",0,0,6.90,7.1,7.10,7.00
07/07/2020,6.56,6.90,-0.20 (-2.82 %)," ","17,029","119,505,000",0,0,7.10,7.10,7.10,6.90
06/07/2020,6.75,7.10,0.10 (1.43 %)," ","24,962","174,745,000",0,0,7.00,7.0,7.10,7.00
03/07/2020,6.65,7.00,0.00 (0.00 %)," ","7,250","50,750,000","13,700","105,490,000",7.00,7.00,7.00,7.00
02/07/2020,6.65,7.00,0.00 (0.00 %)," ","3,570","24,890,000","10,000","77,000,000",7.00,7.0,7.00,6.90
01/07/2020,6.65,7.00,0.10 (1.45 %)," ","1,334","9,216,400",0,0,6.90,6.90,7.00,6.90
30/06/2020,6.56,6.90,-0.10 (-1.43 %)," ","36,066","247,948,800",0,0,7.00,7.0,7.10,6.70
29/06/2020,6.65,7.00,-0.10 (-1.41 %)," ","7,800","54,200,000",0,0,7.10,7.00,7.00,6.90
26/06/2020,6.75,7.10,0.00 (0.00 %)," ","3,650","25,780,000",0,0,7.10,7.1,7.10,7.00
24/06/2020,6.85,7.20,0.00 (0.00 %)," ","11,250","80,120,000",0,0,7.20,7.3,7.30,7.10
23/06/2020,6.85,7.20,-0.30 (-4.00 %)," ","30,470","222,798,000",0,0,7.50,7.40,7.40,7.10
22/06/2020,7.13,7.50,0.00 (0.00 %)," ","34,154","256,011,400",0,0,7.50,7.5,7.60,7.40
19/06/2020,7.13,7.50,-0.10 (-1.32 %)," ","16,940","126,573,000",0,0,7.60,7.40,7.50,7.40
18/06/2020,7.23,7.60,-0.20 (-2.56 %)," ","19,166","144,720,000",0,0,7.80,7.8,7.80,7.40
16/06/2020,7.04,8.10,0.00 (0.00 %)," ","16,480","133,470,000",0,0,8.10,8.10,8.20,8.00
15/06/2020,7.04,8.10,-0.10 (-1.22 %)," ","19,352","156,925,000",0,0,8.20,8.2,8.20,8.00
12/06/2020,7.12,8.20,0.00 (0.00 %)," ","21,449","173,765,600",0,0,8.20,8.10,8.20,8.00
11/06/2020,7.12,8.20,0.00 (0.00 %)," ","22,882","187,551,200",0,0,8.20,8.2,8.20,8.00
10/06/2020,7.12,8.20,0.00 (0.00 %)," ","35,380","289,616,000",0,0,8.20,8.30,8.30,8.10
09/06/2020,7.12,8.20,0.00 (0.00 %)," ","21,966","180,504,000",0,0,8.20,8.2,8.30,8.10
08/06/2020,7.12,8.20,0.00 (0.00 %)," ","41,040","338,432,000",0,0,8.20,8.40,8.40,8.20
05/06/2020,7.12,8.20,0.00 (0.00 %)," ","29,020","236,860,000",0,0,8.20,8.1,8.20,8.10
04/06/2020,7.12,8.20,0.10 (1.23 %)," ","15,120","123,765,100",0,0,8.10,8.20,8.20,8.10
03/06/2020,7.04,8.10,0.00 (0.00 %)," ","12,404","99,242,000",0,0,8.10,8.0,8.10,8.00
02/06/2020,7.04,8.10,0.00 (0.00 %)," ","16,654","133,262,000",0,0,8.10,8.00,8.10,7.90
01/06/2020,7.04,8.10,-0.10 (-1.22 %)," ","18,146","148,098,000",0,0,8.20,8.2,8.20,8.10
29/05/2020,7.12,8.20,0.20 (2.50 %)," ","24,844","200,505,000",0,0,8.00,8.00,8.20,8.00
28/05/2020,6.95,8.00,-0.10 (-1.23 %)," ","57,949","465,808,000",0,0,8.10,8.1,8.20,7.90
26/05/2020,6.95,8.00,0.10 (1.27 %)," ","12,090","96,646,600",80,"576,000",7.90,8.0,8.00,7.90
25/05/2020,6.86,7.90,-0.10 (-1.25 %)," ","15,840","126,695,000",0,0,8.00,8.00,8.10,7.90
22/05/2020,6.95,8.00,0.00 (0.00 %)," ","66,305","531,982,300",0,0,8.00,7.9,8.10,7.90
21/05/2020,6.95,8.00,0.10 (1.27 %)," ","10,896","86,299,600",0,0,7.90,7.90,8.00,7.60
20/05/2020,6.86,7.90,0.30 (3.95 %)," ","11,762","88,272,400",0,0,7.60,7.6,7.90,7.50
19/05/2020,6.60,7.60,0.00 (0.00 %)," ","11,830","90,599,000",0,0,7.60,7.60,7.80,7.60
18/05/2020,6.60,7.60,-0.30 (-3.80 %)," ","6,510","49,727,000",0,0,7.90,7.9,7.90,7.60
15/05/2020,6.86,7.90,0.00 (0.00 %)," ","11,100","87,610,000",0,0,7.90,7.70,7.90,7.70
14/05/2020,6.86,7.90,-0.10 (-1.25 %)," ","2,630","20,594,000",0,0,8.00,8.0,8.00,7.70
13/05/2020,6.95,8.00,0.00 (0.00 %)," ","3,000","24,000,000",0,0,8.00,8.00,8.00,8.00
12/05/2020,6.95,8.00,0.00 (0.00 %)," ","3,480","27,304,000",0,0,8.00,7.6,8.00,7.60
11/05/2020,6.95,8.00,0.00 (0.00 %)," ","1,330","10,394,000",0,0,8.00,7.80,8.00,7.80
08/05/2020,6.95,8.00,-0.10 (-1.23 %)," ","5,070","40,448,000",0,0,8.10,7.9,8.00,7.90
07/05/2020,7.04,8.10,0.00 (0.00 %)," ","9,330","74,838,000",0,0,8.10,8.00,8.10,8.00
06/05/2020,7.04,8.10,0.10 (1.25 %)," ","68,400","547,670,000",0,0,8.00,8.0,8.10,7.90
05/05/2020,6.95,8.00,0.00 (0.00 %)," ","33,020","265,140,000",0,0,8.00,8.00,8.30,8.00
04/05/2020,6.95,8.00,0.00 (0.00 %)," ","9,427","75,213,500",0,0,8.00,8.0,8.10,7.90
29/04/2020,6.95,8.00,0.50 (6.67 %)," ","30,450","236,844,000",0,0,7.50,7.50,8.00,7.50
28/04/2020,6.51,7.50,0.30 (4.17 %)," ","30,630","224,807,000",0,0,7.20,6.9,7.50,6.90
23/04/2020,6.17,7.10,0.10 (1.43 %)," ","1,190","8,440,000",0,0,7.00,7.1,7.10,7.10
22/04/2020,6.08,7.00,-0.20 (-2.78 %)," ","22,400","149,670,000",0,0,7.20,7.00,7.00,6.50
21/04/2020,6.25,7.20,-0.10 (-1.37 %)," ","16,035","116,088,000",0,0,7.30,7.3,7.30,7.10
20/04/2020,6.34,7.30,0.00 (0.00 %)," ","6,800","49,640,000",0,0,7.30,7.30,7.30,7.30
17/04/2020,6.34,7.30,0.20 (2.82 %)," ",900,"6,410,000",0,0,7.10,7.1,7.30,7.10
16/04/2020,6.17,7.10,0.00 (0.00 %)," ","9,603","68,180,400",0,0,7.10,7.10,7.10,7.10
15/04/2020,6.17,7.10,-0.20 (-2.74 %)," ","4,400","31,240,000",0,0,7.30,7.1,7.10,7.10
14/04/2020,6.34,7.30,0.10 (1.39 %)," ","4,000","28,810,000",0,0,7.20,7.20,7.30,7.20
13/04/2020,6.25,7.20,-0.10 (-1.37 %)," ",332,"2,320,800",0,0,7.30,6.9,7.20,6.90
10/04/2020,6.34,7.30,0.30 (4.29 %)," ","8,500","62,010,000",0,0,7.00,7.40,7.40,7.00
09/04/2020,6.08,7.00,-0.20 (-2.78 %)," ","16,600","116,990,000",0,0,7.20,7.1,7.10,7.00
08/04/2020,6.25,7.20,0.10 (1.41 %)," ","9,920","70,448,000",0,0,7.10,7.10,7.20,7.10
07/04/2020,6.17,7.10,0.00 (0.00 %)," ","8,350","59,295,000",0,0,7.10,7.2,7.20,7.10
06/04/2020,6.17,7.10,0.00 (0.00 %)," ","27,700","188,320,000",0,0,7.10,6.40,7.20,6.40
03/04/2020,6.17,7.10,0.30 (4.41 %)," ","13,080","91,378,000",0,0,6.80,6.8,7.40,6.80
01/04/2020,5.91,6.80,0.50 (7.94 %)," ","2,520","16,896,000",0,0,6.30,6.70,6.80,6.70
31/03/2020,5.47,6.30,-0.60 (-8.70 %)," ","17,100","109,190,000",0,0,6.90,6.6,6.80,6.30
30/03/2020,5.99,6.90,-0.20 (-2.82 %)," ","11,354","74,535,600",0,0,7.10,6.80,6.90,6.40
27/03/2020,6.17,7.10,0.30 (4.41 %)," ","8,800","61,940,000",0,0,6.80,6.8,7.40,6.60
25/03/2020,5.91,6.80,0.00 (0.00 %)," ","1,460","9,896,000",0,0,6.80,6.8,6.80,6.60
24/03/2020,5.91,6.80,0.00 (0.00 %)," ","3,000","20,400,000",0,0,6.80,6.80,6.80,6.80
23/03/2020,5.91,6.80,0.00 (0.00 %)," ","7,600","51,380,000",0,0,6.80,6.8,6.80,6.60
20/03/2020,5.91,6.80,-0.10 (-1.45 %)," ","2,020","13,738,000",0,0,6.90,6.80,6.80,6.80
19/03/2020,5.99,6.90,-0.10 (-1.43 %)," ","5,000","34,500,000",0,0,7.00,6.9,6.90,6.90
18/03/2020,6.08,7.00,0.10 (1.45 %)," ","4,100","28,380,000",0,0,6.90,6.80,7.00,6.80
17/03/2020,5.99,6.90,0.00 (0.00 %)," ",0,0,0,0,6.90,6.9,6.90,6.90
16/03/2020,5.99,6.90,0.00 (0.00 %)," ","3,000","20,700,000",0,0,6.90,6.90,6.90,6.90
13/03/2020,5.99,6.90,-0.10 (-1.43 %)," ","3,618","24,966,000",0,0,7.00,6.9,6.90,6.90
12/03/2020,6.08,7.00,-0.10 (-1.41 %)," ","11,820","82,538,000",0,0,7.10,7.00,7.00,6.80
11/03/2020,6.17,7.10,-0.10 (-1.39 %)," ","11,500","81,920,000",96,"624,000",7.20,7.1,7.20,7.00
10/03/2020,6.25,7.20,0.00 (0.00 %)," ","4,950","35,155,000",0,0,7.20,7.10,7.20,7.10
09/03/2020,6.25,7.20,0.00 (0.00 %)," ","64,500","453,400,000",0,0,7.20,7.0,7.30,6.80
06/03/2020,6.25,7.20,-0.20 (-2.70 %)," ","4,208","30,586,000",0,0,7.40,7.30,7.30,7.20
05/03/2020,6.43,7.40,0.00 (0.00 %)," ","11,000","81,800,000",0,0,7.40,7.4,7.50,7.40
04/03/2020,6.43,7.40,0.20 (2.78 %)," ","23,100","167,030,000",0,0,7.20,7.20,7.40,7.20
03/03/2020,6.25,7.20,0.20 (2.86 %)," ","61,350","437,020,000",24,"151,200",7.00,7.0,7.30,7.00
02/03/2020,6.08,7.00,0.00 (0.00 %)," ","14,880","104,133,200",0,0,7.00,7.00,7.00,7.00
28/02/2020,6.08,7.00,-0.20 (-2.78 %)," ","21,104","148,628,400",0,0,7.20,7.0,7.10,7.00
26/02/2020,6.08,7.00,0.00 (0.00 %)," ","20,300","138,290,000",0,0,7.00,6.8,7.00,6.80
25/02/2020,6.08,7.00,0.00 (0.00 %)," ","7,200","50,200,000",0,0,7.00,6.90,7.00,6.90
24/02/2020,6.08,7.00,0.00 (0.00 %)," ","21,200","148,400,000",0,0,7.00,7.0,7.00,7.00
21/02/2020,6.08,7.00,-0.10 (-1.41 %)," ","12,700","88,900,000",0,0,7.10,7.00,7.00,7.00
20/02/2020,6.17,7.10,0.10 (1.43 %)," ","8,800","61,620,000",0,0,7.00,7.0,7.10,7.00
19/02/2020,6.08,7.00,-0.10 (-1.41 %)," ","38,000","266,060,000",0,0,7.10,7.00,7.10,7.00
18/02/2020,6.17,7.10,0.00 (0.00 %)," ","11,196","78,745,400",0,0,7.10,7.1,7.10,7.00
17/02/2020,6.17,7.10,-0.20 (-2.74 %)," ","20,500","147,040,000",0,0,7.30,7.20,7.20,7.10
14/02/2020,6.34,7.30,0.30 (4.29 %)," ","51,010","363,370,000",0,0,7.00,7.0,7.30,7.00
13/02/2020,6.08,7.00,0.00 (0.00 %)," ","138,716","971,012,000",0,0,7.00,7.00,7.00,7.00
12/02/2020,6.08,7.00,-0.20 (-2.78 %)," ","121,100","847,650,000",0,0,7.20,7.0,7.00,6.90
11/02/2020,6.25,7.20,0.20 (2.86 %)," ","12,510","88,102,000",0,0,7.00,7.20,7.20,7.00
10/02/2020,6.08,7.00,0.10 (1.45 %)," ","65,008","455,456,000",0,0,6.90,6.8,7.10,6.80
07/02/2020,5.99,6.90,-0.10 (-1.43 %)," ","2,000","13,900,000",0,0,7.00,7.00,7.00,6.90
06/02/2020,6.08,7.00,0.10 (1.45 %)," ","30,600","214,900,000",0,0,6.90,7.0,7.10,7.00
05/02/2020,5.99,6.90,-0.10 (-1.43 %)," ","4,100","28,190,000",0,0,7.00,6.90,6.90,6.80
04/02/2020,6.08,7.00,0.00 (0.00 %)," ","6,208","43,234,400",0,0,7.00,7.0,7.00,6.80
03/02/2020,6.08,7.00,-0.10 (-1.41 %)," ","11,600","79,710,000",0,0,7.10,6.50,7.00,6.50
31/01/2020,6.17,7.10,-0.10 (-1.39 %)," ","1,700","12,190,000",0,0,7.20,7.2,7.20,7.10
22/01/2020,6.25,7.20,0.20 (2.86 %)," ","160,000","1,121,920,000",0,0,7.00,6.7,7.40,6.70
21/01/2020,6.08,7.00,0.00 (0.00 %)," ",200,"1,400,000",0,0,7.00,7.00,7.00,7.00
20/01/2020,6.08,7.00,0.10 (1.45 %)," ","2,600","18,200,000",0,0,6.90,7.0,7.00,7.00
17/01/2020,5.99,6.90,-0.10 (-1.43 %)," ",100,"690,000",0,0,7.00,6.90,6.90,6.90
16/01/2020,6.08,7.00,0.10 (1.45 %)," ",400,"2,710,000",0,0,6.90,6.7,7.00,6.70
15/01/2020,5.99,6.90,0.00 (0.00 %)," ","1,500","10,350,000",0,0,6.90,6.90,6.90,6.90
14/01/2020,5.99,6.90,-0.10 (-1.43 %)," ","1,340","9,230,000",0,0,7.00,6.9,6.90,6.90
13/01/2020,6.08,7.00,0.20 (2.94 %)," ","10,100","69,100,000",0,0,6.80,6.80,7.00,6.80
10/01/2020,5.91,6.80,0.00 (0.00 %)," ","16,130","109,681,000",0,0,6.80,6.8,6.80,6.80
09/01/2020,5.91,6.80,0.10 (1.49 %)," ","25,250","172,710,000",0,0,6.70,7.00,7.00,6.80
08/01/2020,5.82,6.70,-0.30 (-4.29 %)," ","3,100","21,270,000",0,0,7.00,6.8,7.00,6.70
07/01/2020,6.08,7.00,0.00 (0.00 %)," ","2,400","16,390,000",0,0,7.00,7.30,7.30,6.80
06/01/2020,6.08,7.00,0.00 (0.00 %)," ",100,"700,000",0,0,7.00,7.0,7.00,7.00
03/01/2020,6.08,7.00,0.10 (1.45 %)," ","5,700","39,900,000",0,0,6.90,7.00,7.00,7.00
02/01/2020,5.99,6.90,0.00 (0.00 %)," ",742,"5,172,800",24,"151,200",6.90,7.0,7.00,6.90
31/12/2019,5.99,6.90,-0.10 (-1.43 %)," ","1,200","8,380,000",0,0,7.00,7.00,7.00,6.90
30/12/2019,6.08,7.00,0.00 (0.00 %)," ","4,100","28,700,000",0,0,7.00,7.0,7.00,7.00
27/12/2019,6.08,7.00,0.00 (0.00 %)," ","3,296","23,012,800",0,0,7.00,7.00,7.00,6.90
26/12/2019,6.08,7.00,-0.20 (-2.78 %)," ","50,700","355,160,000",0,0,7.20,7.5,7.50,7.00
24/12/2019,6.34,7.30,0.20 (2.82 %)," ","2,600","18,480,000",0,0,7.10,7.1,7.30,7.10
23/12/2019,6.17,7.10,-0.30 (-4.05 %)," ",100,"710,000",0,0,7.40,7.10,7.10,7.10
20/12/2019,6.43,7.40,0.10 (1.37 %)," ",400,"2,990,000",0,0,7.30,7.5,7.50,7.40
19/12/2019,6.34,7.30,0.00 (0.00 %)," ","1,800","12,900,000",0,0,7.30,7.10,7.30,7.10
18/12/2019,6.34,7.30,-0.20 (-2.67 %)," ","1,900","13,900,000",0,0,7.50,7.6,7.60,7.30
17/12/2019,6.51,7.50,0.50 (7.14 %)," ","4,300","31,742,000",0,0,7.00,7.30,7.50,7.20
16/12/2019,6.08,7.00,0.00 (0.00 %)," ","6,000","42,100,000",0,0,7.00,7.1,7.10,7.00
13/12/2019,6.08,7.00,-0.30 (-4.11 %)," ",500,"3,650,000",0,0,7.30,7.30,7.40,7.00
12/12/2019,6.34,7.30,0.40 (5.80 %)," ","5,600","41,060,000",0,0,6.90,6.9,7.40,6.60
11/12/2019,5.99,6.90,-0.40 (-5.48 %)," ","2,650","18,690,000",0,0,7.30,6.90,7.70,6.90
10/12/2019,6.34,7.30,0.50 (7.35 %)," ",300,"2,160,000",0,0,6.80,7.4,7.40,6.90
09/12/2019,5.91,6.80,0.10 (1.49 %)," ","12,940","94,142,000",0,0,6.70,7.20,7.30,6.80
06/12/2019,5.82,6.70,-0.50 (-6.94 %)," ","2,450","16,675,000",0,0,7.20,7.6,7.60,6.70
05/12/2019,6.25,7.20,0.30 (4.35 %)," ","1,300","9,450,000",0,0,6.90,7.40,7.40,7.10
04/12/2019,5.99,6.90,-0.40 (-5.48 %)," ","2,250","16,215,000",0,0,7.30,7.3,7.30,6.90
03/12/2019,6.34,7.30,-0.30 (-3.95 %)," ",300,"2,190,000",0,0,7.60,7.00,7.60,7.00
02/12/2019,6.60,7.60,0.00 (0.00 %)," ","1,620","12,082,000",0,0,7.60,7.3,7.60,7.20
29/11/2019,6.60,7.60,-0.10 (-1.30 %)," ","3,100","22,800,000",0,0,7.70,7.60,7.60,7.10
28/11/2019,6.69,7.70,0.00 (0.00 %)," ",0,0,0,0,7.70,7.7,7.70,7.70
26/11/2019,6.86,7.90,0.00 (0.00 %)," ",0,0,0,0,7.90,7.9,7.90,7.90
25/11/2019,6.86,7.90,0.00 (0.00 %)," ",0,0,68,"489,600",7.90,7.90,7.90,7.90
22/11/2019,6.86,7.90,0.00 (0.00 %)," ","1,420","11,022,000",0,0,7.90,7.9,8.00,7.70
21/11/2019,6.86,7.90,0.40 (5.33 %)," ","5,304","39,910,400",0,0,7.50,8.00,8.00,7.50
20/11/2019,6.51,7.50,-0.40 (-5.06 %)," ",300,"2,250,000",0,0,7.90,7.5,7.50,7.50
19/11/2019,6.86,7.90,0.00 (0.00 %)," ",200,"1,550,000",0,0,7.90,7.60,7.90,7.60
18/11/2019,6.86,7.90,0.30 (3.95 %)," ","8,000","60,080,000",0,0,7.60,7.5,7.90,7.50
15/11/2019,6.60,7.60,-0.10 (-1.30 %)," ","2,337","17,751,200",0,0,7.70,7.70,7.70,7.50
14/11/2019,6.69,7.70,0.00 (0.00 %)," ","3,450","25,960,000",0,0,7.70,7.5,7.70,7.50
13/11/2019,6.69,7.70,0.00 (0.00 %)," ",20,"150,000",0,0,7.70,7.70,7.70,7.70
12/11/2019,6.69,7.70,0.00 (0.00 %)," ","2,700","20,240,000",0,0,7.70,7.6,7.70,7.30
11/11/2019,6.69,7.70,0.00 (0.00 %)," ","7,200","55,440,000",24,"168,000",7.70,7.70,7.70,7.70
08/11/2019,6.69,7.70,-0.10 (-1.28 %)," ","16,900","130,060,000",0,0,7.80,7.8,7.80,7.60
07/11/2019,6.77,7.80,0.00 (0.00 %)," ","2,000","15,600,000",0,0,7.80,7.80,7.80,7.80
06/11/2019,6.77,7.80,-0.10 (-1.27 %)," ","2,316","18,113,200",0,0,7.90,7.9,7.90,7.80
05/11/2019,6.86,7.90,0.00 (0.00 %)," ",0,0,0,0,7.90,7.90,7.90,7.90
04/11/2019,6.86,7.90,0.00 (0.00 %)," ","1,135","8,944,500",0,0,7.90,7.9,7.90,7.90
01/11/2019,6.86,7.90,0.00 (0.00 %)," ",0,0,0,0,7.90,7.90,7.90,7.90
31/10/2019,6.86,7.90,-0.10 (-1.25 %)," ","1,736","13,567,200",0,0,8.00,7.8,7.90,7.80
29/10/2019,6.95,8.00,0.00 (0.00 %)," ","1,815","14,515,000",0,0,8.00,8.0,8.00,8.00
28/10/2019,6.95,8.00,0.10 (1.27 %)," ",800,"6,290,000",0,0,7.90,7.90,8.00,7.70
25/10/2019,6.86,7.90,0.00 (0.00 %)," ","1,200","9,480,000",0,0,7.90,7.9,7.90,7.90
24/10/2019,6.86,7.90,0.00 (0.00 %)," ","4,880","38,638,000",0,0,7.90,7.90,8.00,7.90
23/10/2019,6.86,7.90,0.00 (0.00 %)," ",200,"1,580,000",0,0,7.90,7.9,7.90,7.90
22/10/2019,6.86,7.90,0.00 (0.00 %)," ",300,"2,370,000",0,0,7.90,7.90,7.90,7.90
21/10/2019,6.86,7.90,-0.10 (-1.25 %)," ","2,400","18,390,000",0,0,8.00,7.8,7.90,7.50
18/10/2019,6.95,8.00,-0.10 (-1.23 %)," ","3,096","24,534,200",0,0,8.10,7.80,8.20,7.70
17/10/2019,7.04,8.10,0.10 (1.25 %)," ","1,300","10,490,000",0,0,8.00,8.0,8.10,8.00
16/10/2019,6.95,8.00,0.20 (2.56 %)," ",750,"5,870,000",0,0,7.80,7.80,8.00,7.80
15/10/2019,6.77,7.80,-0.40 (-4.88 %)," ","1,600","12,890,000",0,0,8.20,8.2,8.20,7.80
14/10/2019,7.12,8.20,0.40 (5.13 %)," ","6,940","56,272,000",0,0,7.80,7.80,8.20,7.80
11/10/2019,6.77,7.80,-0.20 (-2.50 %)," ","2,800","21,840,000","471,796","3,774,368,000",8.00,7.8,7.80,7.80
10/10/2019,6.95,8.00,0.00 (0.00 %)," ","2,088","16,686,400",0,0,8.00,8.00,8.00,8.00
09/10/2019,6.95,8.00,0.00 (0.00 %)," ",200,"1,600,000",0,0,8.00,8.0,8.00,8.00
08/10/2019,6.95,8.00,0.00 (0.00 %)," ","9,010","70,914,000",0,0,8.00,8.10,8.10,7.80
07/10/2019,6.95,8.00,0.00 (0.00 %)," ","2,500","19,780,000",0,0,8.00,7.8,8.10,7.80
04/10/2019,6.95,8.00,0.00 (0.00 %)," ","3,400","27,280,000",0,0,8.00,8.00,8.10,8.00
03/10/2019,6.95,8.00,0.00 (0.00 %)," ","16,160","126,676,000",0,0,8.00,7.9,8.00,7.70
01/10/2019,7.04,8.10,0.70 (9.46 %)," ","19,400","152,350,000","2,028,204","16,022,811,600",7.40,7.8,8.10,7.80
30/09/2019,6.43,7.40,-0.50 (-6.33 %)," ","9,746","72,748,000",0,0,7.90,7.90,7.90,7.40
27/09/2019,6.86,7.90,0.00 (0.00 %)," ",104,"821,600",0,0,7.90,7.9,7.90,7.90
26/09/2019,6.86,7.90,-0.10 (-1.25 %)," ","4,200","33,130,000",0,0,8.00,7.90,7.90,7.80
25/09/2019,6.95,8.00,0.10 (1.27 %)," ","2,511","19,645,800",0,0,7.90,7.8,8.00,7.80
24/09/2019,6.86,7.90,-0.10 (-1.25 %)," ","1,736","13,716,800",0,0,8.00,7.90,7.90,7.90
23/09/2019,6.95,8.00,0.10 (1.27 %)," ","8,698","67,889,400",0,0,7.90,7.9,8.00,7.80
20/09/2019,6.86,7.90,0.00 (0.00 %)," ","14,150","111,830,000",0,0,7.90,8.00,8.10,7.90
19/09/2019,6.86,7.90,0.00 (0.00 %)," ","17,100","135,560,000",0,0,7.90,8.1,8.20,7.90
18/09/2019,6.86,7.90,-0.20 (-2.47 %)," ","6,170","49,343,000",0,0,8.10,8.00,8.00,7.90
17/09/2019,7.04,8.10,0.00 (0.00 %)," ",100,"810,000",0,0,8.10,8.1,8.10,8.10
16/09/2019,7.04,8.10,0.20 (2.53 %)," ","1,750","14,045,000",0,0,7.90,8.00,8.10,7.90
13/09/2019,6.86,7.90,-0.30 (-3.66 %)," ","7,720","61,498,000",0,0,8.20,8.2,8.20,7.90
12/09/2019,7.12,8.20,0.10 (1.23 %)," ","4,344","34,806,200",0,0,8.10,8.00,8.20,8.00
11/09/2019,7.04,8.10,0.00 (0.00 %)," ",796,"6,418,800",0,0,8.10,8.1,8.10,8.10
10/09/2019,7.04,8.10,0.10 (1.25 %)," ","7,200","57,320,000",0,0,8.00,8.10,8.10,7.90
09/09/2019,6.95,8.00,0.10 (1.27 %)," ","8,108","64,304,000",0,0,7.90,7.9,8.00,7.90
06/09/2019,6.86,7.90,0.00 (0.00 %)," ","17,240","137,200,000",0,0,7.90,7.90,8.00,7.90
05/09/2019,6.86,7.90,-0.10 (-1.25 %)," ","11,700","92,430,000",0,0,8.00,7.9,7.90,7.90
03/09/2019,6.86,7.90,0.00 (0.00 %)," ","8,700","68,730,000",0,0,7.90,7.9,7.90,7.90
30/08/2019,6.86,7.90,0.00 (0.00 %)," ","13,500","106,650,000",0,0,7.90,7.90,7.90,7.90
29/08/2019,6.86,7.90,-0.10 (-1.25 %)," ","25,410","200,740,000",12,"86,400",8.00,7.9,7.90,7.90
28/08/2019,6.95,8.00,0.00 (0.00 %)," ","3,600","28,450,000",0,0,8.00,7.90,8.00,7.90
27/08/2019,6.95,8.00,-0.10 (-1.23 %)," ","13,600","107,680,000",0,0,8.10,8.0,8.10,7.90
26/08/2019,7.04,8.10,0.00 (0.00 %)," ","15,110","117,501,000",0,0,8.10,7.90,8.10,7.70
23/08/2019,7.04,8.10,0.00 (0.00 %)," ","36,500","290,740,000",0,0,8.10,8.0,8.10,7.90
22/08/2019,7.04,8.10,0.00 (0.00 %)," ","31,600","253,020,000",0,0,8.10,8.10,8.20,7.90
21/08/2019,7.04,8.10,0.00 (0.00 %)," ","46,414","371,542,000",0,0,8.10,8.1,8.10,8.00
20/08/2019,7.04,8.10,0.10 (1.25 %)," ","16,686","133,508,000",80,"576,000",8.00,8.10,8.10,8.00
19/08/2019,6.95,8.00,-0.30 (-3.61 %)," ","39,990","320,970,000",0,0,8.30,8.3,8.30,8.00
16/08/2019,7.21,8.30,0.00 (0.00 %)," ","30,200","242,250,000",0,0,8.30,8.20,8.30,8.00
15/08/2019,7.21,8.30,-0.10 (-1.19 %)," ","3,100","25,730,000",0,0,8.40,8.3,8.30,8.30
14/08/2019,7.30,8.40,0.00 (0.00 %)," ",548,"4,597,200",0,0,8.40,8.40,8.40,8.40
13/08/2019,7.30,8.40,0.10 (1.20 %)," ","1,360","11,302,000",0,0,8.30,8.3,8.40,8.30
12/08/2019,7.21,8.30,0.00 (0.00 %)," ","14,300","118,620,000",0,0,8.30,8.00,8.50,8.00
09/08/2019,7.21,8.30,0.10 (1.22 %)," ","18,590","150,187,000",0,0,8.20,8.0,8.30,8.00
08/08/2019,7.12,8.20,0.20 (2.50 %)," ","6,800","54,730,000",0,0,8.00,8.00,8.20,8.00
07/08/2019,6.95,8.00,-0.10 (-1.23 %)," ","40,300","323,162,000",0,0,8.10,8.0,8.20,8.00
05/08/2019,6.95,8.00,-0.10 (-1.23 %)," ","29,340","234,730,000",0,0,8.10,8.0,8.10,7.90
02/08/2019,7.04,8.10,0.00 (0.00 %)," ","29,900","239,670,000",0,0,8.10,8.00,8.10,8.00
01/08/2019,7.04,8.10,-0.20 (-2.41 %)," ","11,600","94,130,000",0,0,8.30,8.3,8.30,8.00
31/07/2019,7.21,8.30,0.10 (1.22 %)," ","16,240","131,380,000",0,0,8.20,8.20,8.30,8.00
30/07/2019,7.12,8.20,0.20 (2.50 %)," ","121,980","981,050,000",0,0,8.00,8.0,8.30,8.00
29/07/2019,6.95,8.00,0.00 (0.00 %)," ","265,315","2,123,020,000",0,0,8.00,8.00,8.10,8.00
26/07/2019,6.95,8.00,0.00 (0.00 %)," ","173,000","1,380,990,000",0,0,8.00,7.9,8.00,7.90
25/07/2019,6.95,8.00,0.00 (0.00 %)," ","207,600","1,657,440,000",0,0,8.00,8.00,8.00,7.70
24/07/2019,6.95,8.00,0.10 (1.27 %)," ","65,900","520,800,000",0,0,7.90,8.0,8.00,7.80
23/07/2019,6.86,7.90,-0.10 (-1.25 %)," ","57,050","456,380,000",0,0,8.00,8.00,8.00,7.90
22/07/2019,6.95,8.00,-0.20 (-2.44 %)," ","49,100","396,700,000",0,0,8.20,8.2,8.20,8.00
19/07/2019,7.12,8.20,0.00 (0.00 %)," ","27,010","217,529,000",0,0,8.20,8.20,8.20,8.00
18/07/2019,7.12,8.20,0.20 (2.50 %)," ","4,200","34,170,000",0,0,8.00,8.0,8.20,8.00
17/07/2019,6.95,8.00,0.00 (0.00 %)," ","47,600","380,410,000",0,0,8.00,8.00,8.00,7.90
16/07/2019,6.95,8.00,0.00 (0.00 %)," ","73,910","591,270,000","700,000","5,600,000,000",8.00,8.0,8.00,7.90
15/07/2019,6.95,8.00,-0.20 (-2.44 %)," ","179,910","1,439,485,000",0,0,8.20,8.20,8.20,7.90
12/07/2019,7.12,8.20,-0.10 (-1.20 %)," ","8,080","65,998,000",0,0,8.30,8.3,8.30,8.00
11/07/2019,7.21,8.30,-0.20 (-2.35 %)," ","78,300","650,520,000",0,0,8.50,8.50,8.50,8.20
10/07/2019,7.38,8.50,0.00 (0.00 %)," ","28,236","239,748,800",0,0,8.50,8.4,8.50,8.40
08/07/2019,7.38,8.50,0.00 (0.00 %)," ","7,030","61,846,000",0,0,8.50,8.9,9.00,8.20
05/07/2019,7.38,8.50,0.10 (1.19 %)," ",660,"5,462,000",0,0,8.40,8.30,8.50,8.20
04/07/2019,7.30,8.40,0.00 (0.00 %)," ","6,050","50,640,000",0,0,8.40,8.5,8.50,8.30
03/07/2019,7.30,8.40,-0.10 (-1.18 %)," ","10,100","88,200,000",0,0,8.50,8.60,9.20,8.30
02/07/2019,7.38,8.50,0.10 (1.19 %)," ","3,131","26,073,500",0,0,8.40,8.5,8.50,8.20
01/07/2019,7.30,8.40,-0.10 (-1.18 %)," ","2,628","22,188,000",0,0,8.50,8.50,8.50,8.40
28/06/2019,7.38,8.50,-0.20 (-2.30 %)," ","1,700","14,500,000",0,0,8.70,8.6,8.60,8.50
27/06/2019,7.56,8.70,0.20 (2.35 %)," ","13,250","110,925,000",0,0,8.50,8.50,8.70,8.20
26/06/2019,7.38,8.50,-0.10 (-1.16 %)," ","36,008","306,084,400",0,0,8.60,8.6,8.60,8.50
25/06/2019,7.47,8.60,0.00 (0.00 %)," ","35,600","306,200,000",0,0,8.60,9.00,9.00,8.50
24/06/2019,7.47,8.60,-0.10 (-1.15 %)," ","4,460","38,512,000",0,0,8.70,8.7,8.70,8.60
21/06/2019,7.56,8.70,0.00 (0.00 %)," ","18,710","165,360,000",0,0,8.70,9.20,9.50,8.70
20/06/2019,7.56,8.70,-0.60 (-6.45 %)," ","1,120","9,744,000",0,0,9.30,8.7,8.70,8.70
19/06/2019,8.08,9.30,0.00 (0.00 %)," ",0,0,0,0,9.30,9.30,9.30,9.30
18/06/2019,8.08,9.30,0.60 (6.90 %)," ","2,250","20,877,100",0,0,8.70,9.2,9.50,9.20
17/06/2019,7.56,8.70,0.00 (0.00 %)," ",10,"87,000",0,0,8.70,8.70,8.70,8.70
14/06/2019,7.56,8.70,0.00 (0.00 %)," ","5,800","51,360,000",0,0,8.70,9.0,9.00,8.70
13/06/2019,7.56,8.70,0.00 (0.00 %)," ","8,132","71,311,600",0,0,8.70,8.90,9.20,8.70
12/06/2019,7.56,8.70,-0.10 (-1.14 %)," ","13,736","120,412,600",0,0,8.80,8.8,8.80,8.70
10/06/2019,7.73,8.90,-0.10 (-1.11 %)," ","44,820","396,358,000",0,0,9.00,8.9,9.00,8.70
07/06/2019,7.82,9.00,-0.10 (-1.10 %)," ","16,400","148,450,000",0,0,9.10,9.10,9.20,9.00
06/06/2019,7.90,9.10,0.00 (0.00 %)," ","4,536","40,984,000",0,0,9.10,9.1,9.10,9.00
05/06/2019,7.90,9.10,-0.20 (-2.15 %)," ","6,620","62,691,000",0,0,9.30,9.70,9.80,9.10
04/06/2019,8.08,9.30,-0.20 (-2.11 %)," ","5,597","53,549,000",0,0,9.50,9.8,9.90,9.20
03/06/2019,8.25,9.50,0.30 (3.26 %)," ","10,970","103,260,000",0,0,9.20,9.90,9.90,8.90
31/05/2019,7.99,9.20,-0.20 (-2.13 %)," ","11,160","104,223,900",0,0,9.40,9.9,10.00,9.10
30/05/2019,8.16,9.40,-0.10 (-1.05 %)," ","4,300","41,590,000",0,0,9.50,9.90,9.90,9.10
29/05/2019,8.25,9.50,0.30 (3.26 %)," ","9,380","89,778,000",0,0,9.20,9.9,10.00,9.20
28/05/2019,7.99,9.20,-0.30 (-3.16 %)," ","12,800","117,810,000","4,965,000","42,699,000,000",9.50,9.60,9.60,9.10
27/05/2019,8.25,9.50,0.00 (0.00 %)," ","21,400","206,880,000",0,0,9.50,10.0,10.10,9.50
24/05/2019,8.25,9.50,-0.20 (-2.06 %)," ","14,450","141,625,000",0,0,9.70,10.00,10.00,9.50
23/05/2019,8.43,9.70,0.20 (2.11 %)," ","71,978","692,670,000",0,0,9.50,10.1,10.20,9.30
22/05/2019,8.25,9.50,0.00 (0.00 %)," ","21,900","202,420,000",0,0,9.50,9.90,9.90,8.80
21/05/2019,8.25,9.50,0.30 (3.26 %)," ","7,811","76,681,200",0,0,9.20,10.0,10.00,9.30
20/05/2019,7.99,9.20,0.30 (3.37 %)," ","5,300","48,770,000",0,0,8.90,9.00,9.40,9.00
17/05/2019,7.73,8.90,-0.10 (-1.11 %)," ",200,"1,790,000",0,0,9.00,9.0,9.00,8.90
16/05/2019,7.82,9.00,-0.30 (-3.23 %)," ","20,020","176,320,000",0,0,9.30,9.00,9.00,8.60
15/05/2019,8.08,9.30,0.30 (3.33 %)," ","35,237","323,973,000",0,0,9.00,9.2,9.90,9.00
13/05/2019,7.82,9.00,-0.20 (-2.17 %)," ","14,100","124,810,000",0,0,9.20,8.8,9.10,8.80
10/05/2019,7.99,9.20,0.10 (1.10 %)," ","1,060","9,716,000",0,0,9.10,9.20,9.20,9.20
09/05/2019,7.90,9.10,0.20 (2.25 %)," ","33,725","302,741,500",52,"421,200",8.90,8.9,9.20,8.90
08/05/2019,7.73,8.90,-0.10 (-1.11 %)," ","2,300","20,480,000",0,0,9.00,9.00,9.00,8.90
07/05/2019,7.82,9.00,0.20 (2.27 %)," ","40,750","360,060,000",0,0,8.80,9.2,9.20,8.80
06/05/2019,7.64,8.80,-0.10 (-1.12 %)," ","20,530","177,320,000",0,0,8.90,8.80,8.80,8.50
03/05/2019,7.73,8.90,-0.30 (-3.26 %)," ","5,263","47,874,400",0,0,9.20,9.2,9.20,8.90
02/05/2019,7.99,9.20,0.00 (0.00 %)," ","20,421","187,193,200",0,0,9.20,9.20,9.20,9.10
26/04/2019,7.99,9.20,0.00 (0.00 %)," ","11,000","101,400,000",0,0,9.20,9.4,9.40,9.20
25/04/2019,7.99,9.20,-0.10 (-1.08 %)," ","34,800","323,020,000",0,0,9.30,9.30,9.40,9.20
24/04/2019,8.08,9.30,-0.20 (-2.11 %)," ","16,710","157,705,000",0,0,9.50,9.5,9.60,9.30
23/04/2019,8.25,9.50,0.00 (0.00 %)," ","11,660","110,770,000",0,0,9.50,9.50,9.50,9.50
22/04/2019,8.25,9.50,-0.40 (-4.04 %)," ","15,400","148,740,000",0,0,9.90,9.5,9.80,9.50
19/04/2019,8.60,9.90,0.00 (0.00 %)," ","9,692","96,214,000",0,0,9.90,9.90,10.00,9.90
18/04/2019,8.60,9.90,-0.30 (-2.94 %)," ","16,760","162,484,000",44,"404,800",10.20,10.1,10.10,9.40
17/04/2019,8.86,10.20,0.20 (2.00 %)," ","12,950","128,360,000",0,0,10.00,10.00,10.20,9.70
16/04/2019,8.69,10.00,-0.20 (-1.96 %)," ","11,874","119,380,000",0,0,10.20,10.1,10.10,10.00
12/04/2019,8.86,10.20,-0.10 (-0.97 %)," ","20,520","204,200,000",0,0,10.30,10.00,10.20,9.80
11/04/2019,8.95,10.30,0.00 (0.00 %)," ","48,790","492,697,000",0,0,10.30,10.2,10.30,10.00
09/04/2019,8.86,10.20,-0.10 (-0.97 %)," ","34,600","349,850,000",0,0,10.30,10.2,10.40,10.00
08/04/2019,8.95,10.30,-0.10 (-0.96 %)," ","13,618","137,832,000",0,0,10.40,10.00,10.30,10.00
05/04/2019,9.03,10.40,-0.30 (-2.80 %)," ","28,150","284,515,000",0,0,10.70,10.4,10.40,10.00
04/04/2019,9.29,10.70,0.20 (1.90 %)," ","11,640","118,472,000",0,0,10.50,10.20,10.70,10.00
03/04/2019,9.12,10.50,-1.10 (-9.48 %)," ","34,950","376,045,000","2,020,224","25,656,800,800",11.60,11.5,11.50,10.50
02/04/2019,10.08,11.60,1.00 (9.43 %)," ","61,286","675,661,200",60,"576,000",10.60,10.50,11.60,10.10
01/04/2019,9.21,10.60,0.60 (6.00 %)," ","16,900","170,990,000",0,0,10.00,9.5,10.60,9.50
29/03/2019,8.69,10.00,-0.60 (-5.66 %)," ","42,000","424,890,000",0,0,10.60,10.60,10.60,10.00
28/03/2019,9.21,10.60,0.00 (0.00 %)," ","1,700","18,020,000",0,0,10.60,10.6,10.60,10.60
27/03/2019,9.21,10.60,0.00 (0.00 %)," ","14,200","148,580,000",0,0,10.60,10.50,10.80,10.30
26/03/2019,9.21,10.60,-0.30 (-2.75 %)," ","15,158","162,225,600",0,0,10.90,10.9,10.90,10.60
25/03/2019,9.47,10.90,-0.20 (-1.80 %)," ","22,600","247,380,000",0,0,11.10,11.00,11.10,10.80
22/03/2019,9.64,11.10,0.40 (3.74 %)," ","33,300","358,540,000",0,0,10.70,10.7,11.10,10.70
21/03/2019,9.29,10.70,-0.30 (-2.73 %)," ","6,058","65,700,000",0,0,11.00,10.90,10.90,10.60
20/03/2019,9.55,11.00,0.40 (3.77 %)," ","16,000","168,980,000",0,0,10.60,10.5,11.00,10.40
19/03/2019,9.21,10.60,-0.50 (-4.50 %)," ","47,400","512,670,000",0,0,11.10,11.10,11.10,10.50
18/03/2019,9.64,11.10,-0.40 (-3.48 %)," ","47,300","531,810,000",0,0,11.50,11.3,11.40,11.00
15/03/2019,9.99,11.50,-0.50 (-4.17 %)," ","32,600","371,210,000",0,0,12.00,12.00,12.00,11.30
14/03/2019,10.42,12.00,0.10 (0.84 %)," ","56,400","680,160,000",0,0,11.90,12.1,12.20,11.90
12/03/2019,11.03,12.70,0.20 (1.60 %)," ","266,180","3,307,200,000",0,0,12.50,11.7,12.90,11.60
11/03/2019,10.86,12.50,0.50 (4.17 %)," ","66,200","807,810,000",0,0,12.00,12.00,12.60,11.60
08/03/2019,10.42,12.00,1.00 (9.09 %)," ","258,603","2,890,154,200",0,0,11.00,10.8,12.00,10.50
07/03/2019,9.55,11.00,-0.70 (-5.98 %)," ","257,960","2,972,382,000",0,0,11.70,11.70,12.10,11.00
06/03/2019,10.16,11.70,-1.30 (-10.00 %)," ","339,600","4,104,890,000",0,0,13.00,13.0,13.00,11.70
05/03/2019,11.29,13.00,-0.20 (-1.52 %)," ","49,800","640,430,000",0,0,13.20,13.20,13.20,12.50
04/03/2019,11.47,13.20,1.20 (10.00 %)," ","770,912","9,396,718,400",0,0,12.00,12.0,13.20,11.50
01/03/2019,10.42,12.00,-0.40 (-3.23 %)," ","48,720","587,328,000",0,0,12.40,12.40,12.40,11.90
28/02/2019,10.77,12.40,-0.40 (-3.13 %)," ","86,300","1,056,360,000",0,0,12.80,12.8,12.80,12.00
27/02/2019,11.12,12.80,0.20 (1.59 %)," ","92,260","1,183,874,000",0,0,12.60,12.70,13.00,12.60
26/02/2019,10.94,12.60,1.10 (9.57 %)," ","359,350","4,386,364,200",0,0,11.50,11.3,12.60,11.30
25/02/2019,9.99,11.50,-0.30 (-2.54 %)," ","36,100","411,120,000",0,0,11.80,11.80,11.80,10.90
22/02/2019,10.25,11.80,-0.10 (-0.84 %)," ","31,000","350,680,000",0,0,11.90,11.0,11.90,10.80
21/02/2019,10.34,11.90,-0.20 (-1.65 %)," ","107,000","1,280,590,000",0,0,12.10,11.90,12.00,11.90
20/02/2019,10.51,12.10,0.10 (0.83 %)," ","183,028","2,199,768,000",0,0,12.00,12.0,12.10,11.90
19/02/2019,10.42,12.00,-0.10 (-0.83 %)," ","340,380","4,091,872,000","63,900","722,070,000",12.10,12.10,12.10,11.90
18/02/2019,10.51,12.10,0.10 (0.83 %)," ","60,300","720,910,000","64,000","832,000,000",12.00,12.0,12.20,11.90
15/02/2019,10.42,12.00,0.10 (0.84 %)," ","178,500","2,127,890,000","100,000","1,300,000,000",11.90,11.70,12.10,11.70
14/02/2019,10.34,11.90,0.90 (8.18 %)," ","376,050","4,303,604,500",0,0,11.00,11.0,11.90,10.80
12/02/2019,8.86,10.20,0.10 (0.99 %)," ","160,100","1,653,870,000",0,0,10.10,10.2,10.50,9.90
11/02/2019,8.77,10.10,0.90 (9.78 %)," ","234,600","2,334,590,000",0,0,9.20,9.90,10.10,9.50
01/02/2019,7.99,9.20,0.00 (0.00 %)," ","38,800","356,960,000",0,0,9.20,9.2,9.20,9.20
31/01/2019,7.99,9.20,0.10 (1.10 %)," ","6,400","58,250,000",0,0,9.10,9.10,9.20,9.10
30/01/2019,7.90,9.10,0.20 (2.25 %)," ","41,700","383,470,000",0,0,8.90,8.9,9.20,8.90
29/01/2019,7.73,8.90,0.00 (0.00 %)," ","6,420","57,150,000",0,0,8.90,9.00,9.00,8.90
28/01/2019,7.73,8.90,-0.10 (-1.11 %)," ","22,350","201,110,000",0,0,9.00,9.0,9.00,8.90
25/01/2019,7.82,9.00,0.10 (1.12 %)," ","17,500","157,150,000",0,0,8.90,8.90,9.00,8.90
24/01/2019,7.73,8.90,-0.10 (-1.11 %)," ","13,030","115,957,000",0,0,9.00,8.9,8.90,8.90
23/01/2019,7.82,9.00,0.00 (0.00 %)," ","27,700","248,970,000",0,0,9.00,9.00,9.00,8.90
22/01/2019,7.82,9.00,0.20 (2.27 %)," ",400,"3,550,000",0,0,8.80,8.9,9.00,8.80
21/01/2019,7.64,8.80,0.10 (1.15 %)," ","45,200","394,650,000",0,0,8.70,8.70,8.80,8.70
18/01/2019,7.56,8.70,-0.10 (-1.14 %)," ","1,300","11,410,000",0,0,8.80,8.8,8.80,8.70
17/01/2019,7.64,8.80,-0.30 (-3.30 %)," ","12,700","111,300,000",0,0,9.10,9.00,9.10,8.50
16/01/2019,7.90,9.10,0.30 (3.41 %)," ","5,100","46,010,000",0,0,8.80,9.1,9.10,9.00
15/01/2019,7.60,9.80,-0.20 (-2.00 %)," ","36,400","360,260,000",0,0,10.00,10.00,10.10,9.80
14/01/2019,7.76,10.00,0.80 (8.70 %)," ","133,810","1,319,852,000",0,0,9.20,9.3,10.10,9.20
11/01/2019,7.13,9.20,0.00 (0.00 %)," ","89,308","822,000,000",0,0,9.20,9.20,9.20,9.20
10/01/2019,7.13,9.20,0.00 (0.00 %)," ","39,000","359,000,000",0,0,9.20,9.3,9.30,9.20
08/01/2019,7.13,9.20,-0.10 (-1.08 %)," ","29,538","271,965,800",0,0,9.30,9.3,9.30,9.10
07/01/2019,7.21,9.30,0.10 (1.09 %)," ","14,620","134,862,000",0,0,9.20,9.20,9.30,9.10
04/01/2019,7.13,9.20,0.10 (1.10 %)," ","44,700","405,550,000",0,0,9.10,9.1,9.20,9.00
03/01/2019,7.06,9.10,0.00 (0.00 %)," ","49,100","442,140,000",0,0,9.10,9.00,9.10,9.00
02/01/2019,7.06,9.10,0.00 (0.00 %)," ","22,400","202,340,000",0,0,9.10,9.0,9.10,9.00
28/12/2018,7.06,9.10,0.00 (0.00 %)," ","40,800","371,280,000",0,0,9.10,9.10,9.10,9.10
27/12/2018,7.06,9.10,0.20 (2.25 %)," ","21,020","186,448,000",0,0,8.90,8.9,9.10,8.80
26/12/2018,6.90,8.90,0.00 (0.00 %)," ","20,200","179,780,000",0,0,8.90,8.90,8.90,8.90
25/12/2018,6.90,8.90,-0.10 (-1.11 %)," ","8,200","70,500,000",0,0,9.00,8.5,8.90,8.40
24/12/2018,6.98,9.00,0.00 (0.00 %)," ","2,200","19,410,000",0,0,9.00,8.80,9.00,8.80
21/12/2018,6.98,9.00,0.00 (0.00 %)," ",100,"900,000",0,0,9.00,9.0,9.00,9.00
20/12/2018,6.98,9.00,0.20 (2.27 %)," ","5,726","51,241,400",0,0,8.80,9.10,9.10,8.90
19/12/2018,6.82,8.80,-0.40 (-4.35 %)," ","2,090","18,392,000",0,0,9.20,8.8,8.80,8.80
18/12/2018,7.13,9.20,0.10 (1.10 %)," ",400,"3,540,000",0,0,9.10,8.80,9.20,8.70
17/12/2018,7.06,9.10,-0.10 (-1.09 %)," ",100,"910,000",0,0,9.20,9.1,9.10,9.10
14/12/2018,7.13,9.20,0.00 (0.00 %)," ",100,"920,000",0,0,9.20,9.20,9.20,9.20
13/12/2018,7.13,9.20,0.00 (0.00 %)," ","4,008","35,562,000",0,0,9.20,8.7,9.20,8.70
12/12/2018,7.13,9.20,0.00 (0.00 %)," ","4,400","39,830,000",0,0,9.20,8.70,9.20,8.70
11/12/2018,7.13,9.20,0.00 (0.00 %)," ","7,520","67,960,000",0,0,9.20,9.3,9.30,9.00
07/12/2018,7.21,9.30,-0.10 (-1.06 %)," ","5,138","47,092,000",0,0,9.40,9.1,9.40,9.10
06/12/2018,7.29,9.40,0.00 (0.00 %)," ",910,"8,563,000",0,0,9.40,9.50,9.50,9.40
05/12/2018,7.29,9.40,-0.10 (-1.05 %)," ","2,700","24,930,000",0,0,9.50,9.1,9.40,9.10
04/12/2018,7.37,9.50,-0.20 (-2.06 %)," ",660,"6,026,000",0,0,9.70,9.10,9.50,9.00
03/12/2018,7.52,9.70,0.50 (5.43 %)," ",100,"970,000",0,0,9.20,9.7,9.70,9.70
30/11/2018,7.13,9.20,0.00 (0.00 %)," ","2,600","23,890,000",0,0,9.20,9.30,9.30,9.00
29/11/2018,7.13,9.20,-0.20 (-2.13 %)," ","6,200","58,160,000",0,0,9.40,9.4,9.40,9.20
28/11/2018,7.29,9.40,0.00 (0.00 %)," ","1,000","9,080,000",0,0,9.40,9.40,9.40,9.00
27/11/2018,7.29,9.40,0.00 (0.00 %)," ","4,000","37,600,000",0,0,9.40,9.4,9.40,9.40
26/11/2018,7.29,9.40,0.00 (0.00 %)," ","1,100","10,120,000",0,0,9.40,9.90,9.90,9.00
23/11/2018,7.29,9.40,-0.10 (-1.05 %)," ","10,400","96,700,000",0,0,9.50,9.2,9.40,9.20
22/11/2018,7.37,9.50,0.00 (0.00 %)," ",0,0,0,0,9.50,9.50,9.50,9.50
21/11/2018,7.37,9.50,0.10 (1.06 %)," ","26,100","245,340,000",0,0,9.40,9.4,9.50,9.30
20/11/2018,7.29,9.40,-0.10 (-1.05 %)," ","17,510","166,122,000",0,0,9.50,9.40,9.50,9.40
19/11/2018,7.37,9.50,0.20 (2.15 %)," ","9,600","89,560,000",0,0,9.30,9.3,9.50,9.30
16/11/2018,7.21,9.30,0.10 (1.09 %)," ","34,600","327,720,000",0,0,9.20,9.20,9.50,9.20
15/11/2018,7.13,9.20,0.00 (0.00 %)," ","10,300","94,870,000",0,0,9.20,10.1,10.10,9.20
14/11/2018,7.13,9.20,-0.20 (-2.13 %)," ","77,000","719,260,000",0,0,9.40,9.40,9.40,9.20
13/11/2018,7.29,9.40,-0.10 (-1.05 %)," ","33,500","315,700,000",0,0,9.50,9.3,9.50,9.30
09/11/2018,7.45,9.60,0.00 (0.00 %)," ","57,300","543,820,000",0,0,9.60,9.4,9.60,9.40
08/11/2018,7.45,9.60,0.20 (2.13 %)," ","15,100","142,180,000",0,0,9.40,9.30,9.60,9.30
07/11/2018,7.29,9.40,0.00 (0.00 %)," ","5,800","54,470,000",0,0,9.40,9.4,9.40,9.30
06/11/2018,7.29,9.40,0.30 (3.30 %)," ","252,718","2,432,542,800",0,0,9.10,9.50,10.00,9.30
05/11/2018,7.06,9.10,0.80 (9.64 %)," ","195,500","1,738,050,000",0,0,8.30,8.4,9.10,8.40
02/11/2018,6.44,8.30,0.70 (9.21 %)," ","86,700","716,840,000",0,0,7.60,8.00,8.30,8.00
01/11/2018,5.89,7.60,-0.70 (-8.43 %)," ","128,850","1,045,825,000",0,0,8.30,8.2,8.20,7.60
31/10/2018,6.44,8.30,-0.10 (-1.19 %)," ","82,700","681,860,000",0,0,8.40,8.20,8.40,8.00
30/10/2018,6.51,8.40,-0.10 (-1.18 %)," ","39,630","329,092,000",0,0,8.50,8.4,8.40,8.20
29/10/2018,6.59,8.50,-0.20 (-2.30 %)," ","12,200","102,160,000",0,0,8.70,8.50,8.50,8.30
26/10/2018,6.75,8.70,0.00 (0.00 %)," ","3,600","30,980,000",0,0,8.70,8.7,8.70,8.50
25/10/2018,6.75,8.70,-0.10 (-1.14 %)," ","58,200","483,870,000",0,0,8.80,8.70,8.70,8.10
24/10/2018,6.82,8.80,-0.10 (-1.12 %)," ","5,298","46,822,400",0,0,8.90,8.9,8.90,8.80
23/10/2018,6.90,8.90,-0.10 (-1.11 %)," ","6,200","55,300,000",0,0,9.00,9.00,9.00,8.90
22/10/2018,6.98,9.00,-0.10 (-1.10 %)," ","13,500","121,180,000",0,0,9.10,9.2,9.20,8.70
19/10/2018,7.06,9.10,0.00 (0.00 %)," ",300,"2,730,000",0,0,9.10,9.10,9.10,9.10
18/10/2018,7.06,9.10,-0.10 (-1.09 %)," ","15,100","136,220,000",0,0,9.20,9.2,9.20,8.90
17/10/2018,7.13,9.20,0.00 (0.00 %)," ","4,028","36,954,800",0,0,9.20,9.20,9.20,9.10
16/10/2018,7.13,9.20,0.00 (0.00 %)," ","21,800","200,540,000",0,0,9.20,9.2,9.20,9.10
12/10/2018,7.21,9.30,0.30 (3.33 %)," ","9,100","83,350,000",0,0,9.00,8.9,9.30,8.90
11/10/2018,6.98,9.00,-0.60 (-6.25 %)," ","77,900","713,560,000",0,0,9.60,9.40,9.40,9.00
10/10/2018,7.45,9.60,-0.20 (-2.04 %)," ","28,218","269,771,000",0,0,9.80,9.7,9.70,9.50
09/10/2018,7.60,9.80,0.00 (0.00 %)," ",100,"980,000",0,0,9.80,9.80,9.80,9.80
08/10/2018,7.60,9.80,0.10 (1.03 %)," ","27,900","269,730,000",0,0,9.70,9.7,9.80,9.50
05/10/2018,7.52,9.70,0.00 (0.00 %)," ","30,600","296,510,000",0,0,9.70,9.70,9.70,9.60
04/10/2018,7.52,9.70,-0.10 (-1.02 %)," ","11,810","114,397,000",0,0,9.80,9.6,9.80,9.60
03/10/2018,7.60,9.80,-0.20 (-2.00 %)," ","43,800","425,740,000",0,0,10.00,9.70,9.80,9.70
02/10/2018,7.76,10.00,-0.20 (-1.96 %)," ","65,000","637,720,000",0,0,10.20,10.2,10.20,9.70
01/10/2018,7.91,10.20,0.30 (3.03 %)," ","96,490","975,222,000",0,0,9.90,9.60,10.30,9.60
28/09/2018,7.68,9.90,0.00 (0.00 %)," ","35,200","344,900,000",0,0,9.90,9.9,9.90,9.70
27/09/2018,7.68,9.90,0.00 (0.00 %)," ","99,900","985,680,000",0,0,9.90,9.90,10.00,9.80
26/09/2018,7.68,9.90,0.20 (2.06 %)," ","72,500","707,550,000",0,0,9.70,9.7,9.90,9.60
25/09/2018,7.52,9.70,0.00 (0.00 %)," ","26,465","255,436,000",0,0,9.70,9.70,9.70,9.60
24/09/2018,7.52,9.70,0.00 (0.00 %)," ","17,800","172,560,000",0,0,9.70,9.6,9.70,9.60
21/09/2018,7.52,9.70,0.00 (0.00 %)," ","34,600","333,520,000",0,0,9.70,9.70,9.70,9.60
20/09/2018,7.52,9.70,0.00 (0.00 %)," ","24,910","241,727,000",0,0,9.70,9.7,9.80,9.70
19/09/2018,7.52,9.70,-0.10 (-1.02 %)," ","14,710","142,316,000",0,0,9.80,9.80,9.80,9.60
18/09/2018,7.60,9.80,0.00 (0.00 %)," ","96,300","923,770,000",0,0,9.80,9.7,9.80,9.50
14/09/2018,7.60,9.80,0.00 (0.00 %)," ","10,020","98,186,000",0,0,9.80,9.8,9.80,9.70
13/09/2018,7.60,9.80,-0.20 (-2.00 %)," ","42,810","421,159,000",0,0,10.00,9.80,9.90,9.80
12/09/2018,7.76,10.00,-0.10 (-0.99 %)," ","16,750","166,615,000",0,0,10.10,9.9,10.00,9.90
11/09/2018,7.83,10.10,0.00 (0.00 %)," ","21,100","211,890,000",0,0,10.10,9.80,10.10,9.80
10/09/2018,7.83,10.10,0.10 (1.00 %)," ","11,200","112,340,000",0,0,10.00,10.0,10.10,10.00
07/09/2018,7.76,10.00,0.10 (1.01 %)," ","91,500","887,020,000",0,0,9.90,9.80,10.00,9.50
06/09/2018,7.68,9.90,0.00 (0.00 %)," ","6,400","62,740,000",0,0,9.90,9.8,9.90,9.80
05/09/2018,7.68,9.90,0.00 (0.00 %)," ","5,400","53,420,000",0,0,9.90,9.90,9.90,9.70
04/09/2018,7.68,9.90,0.00 (0.00 %)," ","20,024","194,867,600",0,0,9.90,9.8,9.90,9.70
31/08/2018,7.68,9.90,0.00 (0.00 %)," ","30,900","302,820,000",0,0,9.90,9.90,10.00,9.70
30/08/2018,7.68,9.90,0.00 (0.00 %)," ","25,489","251,341,100",0,0,9.90,9.9,9.90,9.80
29/08/2018,7.68,9.90,-0.20 (-1.98 %)," ","11,700","116,360,000",0,0,10.10,10.00,10.10,9.90
28/08/2018,7.83,10.10,-0.10 (-0.98 %)," ","14,000","139,020,000",0,0,10.20,9.9,10.10,9.90
27/08/2018,7.91,10.20,0.00 (0.00 %)," ","3,100","31,620,000",0,0,10.20,10.20,10.20,10.20
24/08/2018,7.91,10.20,0.20 (2.00 %)," ","46,100","462,860,000",0,0,10.00,9.9,10.20,9.80
23/08/2018,7.76,10.00,0.00 (0.00 %)," ","49,310","488,770,000",0,0,10.00,9.90,10.00,9.90
22/08/2018,7.76,10.00,-0.10 (-0.99 %)," ","24,970","248,793,000",0,0,10.10,10.0,10.00,9.90
21/08/2018,7.83,10.10,0.00 (0.00 %)," ","3,100","31,170,000",0,0,10.10,10.00,10.10,10.00
20/08/2018,7.83,10.10,0.00 (0.00 %)," ","1,800","18,110,000",0,0,10.10,10.1,10.10,10.00
16/08/2018,7.76,10.00,0.00 (0.00 %)," ","7,400","73,270,000",0,0,10.00,9.9,10.00,9.90
15/08/2018,7.76,10.00,0.00 (0.00 %)," ","22,100","220,780,000",0,0,10.00,10.00,10.00,9.90
14/08/2018,7.76,10.00,-0.10 (-0.99 %)," ","13,500","135,780,000",0,0,10.10,10.1,10.20,10.00
13/08/2018,7.83,10.10,0.00 (0.00 %)," ","10,377","104,630,000",0,0,10.10,10.10,10.10,10.00
10/08/2018,7.83,10.10,0.00 (0.00 %)," ","49,900","498,000,000",0,0,10.10,9.9,10.10,9.50
09/08/2018,7.83,10.10,0.00 (0.00 %)," ","2,100","21,220,000",0,0,10.10,10.20,10.20,10.10
08/08/2018,7.83,10.10,0.00 (0.00 %)," ","15,803","157,441,000",0,0,10.10,9.9,10.10,9.90
07/08/2018,7.83,10.10,0.00 (0.00 %)," ","28,310","283,470,000",0,0,10.10,10.10,10.10,9.90
06/08/2018,7.83,10.10,-0.20 (-1.94 %)," ","75,800","769,350,000",0,0,10.30,10.1,10.30,10.10
03/08/2018,7.99,10.30,-0.20 (-1.90 %)," ","19,027","196,580,800",0,0,10.50,10.50,10.50,10.30
02/08/2018,8.14,10.50,0.10 (0.96 %)," ","51,700","537,410,000",0,0,10.40,10.3,10.50,10.10
01/08/2018,8.07,10.40,-0.10 (-0.95 %)," ","76,800","788,100,000",0,0,10.50,10.40,10.40,10.20
31/07/2018,8.07,10.40,-0.20 (-1.89 %)," ","45,400","475,810,000","60,000","576,000,000",10.60,10.6,10.50,10.60
30/07/2018,8.22,10.60,0.10 (0.95 %)," ","40,532","430,906,000",0,0,10.50,10.50,10.70,10.50
27/07/2018,8.14,10.50,0.20 (1.94 %)," ","115,516","1,208,748,200",0,0,10.30,10.2,10.60,10.20
26/07/2018,7.99,10.30,0.00 (0.00 %)," ","4,100","42,280,000",0,0,10.30,10.30,10.40,10.30
25/07/2018,7.99,10.30,0.50 (5.10 %)," ","134,200","1,363,200,000",0,0,9.80,9.8,10.40,9.70
24/07/2018,7.60,9.80,-0.20 (-2.00 %)," ","20,240","201,400,000",0,0,10.00,10.00,10.00,9.80
23/07/2018,7.76,10.00,-0.30 (-2.91 %)," ","29,600","301,280,000",0,0,10.30,10.3,10.30,10.00
19/07/2018,7.99,10.30,-0.10 (-0.96 %)," ","13,600","139,270,000",0,0,10.40,10.4,10.40,10.20
18/07/2018,8.07,10.40,0.00 (0.00 %)," ","112,050","1,144,130,000",0,0,10.40,10.50,10.50,10.00
17/07/2018,8.07,10.40,0.10 (0.97 %)," ","26,800","271,930,000",0,0,10.30,10.1,10.40,10.00
16/07/2018,7.99,10.30,0.00 (0.00 %)," ","15,500","156,920,000",0,0,10.30,10.10,10.30,10.10
13/07/2018,7.99,10.30,0.10 (0.98 %)," ","19,900","203,030,000",0,0,10.20,10.2,10.50,10.10
12/07/2018,7.91,10.20,-0.30 (-2.86 %)," ","10,200","104,400,000",0,0,10.50,10.20,10.50,10.20
11/07/2018,8.14,10.50,-0.10 (-0.94 %)," ","89,502","939,630,600",0,0,10.60,10.6,10.60,10.20
10/07/2018,8.22,10.60,0.10 (0.95 %)," ","32,300","339,070,000",0,0,10.50,10.50,10.60,10.40
09/07/2018,8.14,10.50,0.00 (0.00 %)," ","59,138","619,960,000",0,0,10.50,10.3,10.80,10.30
06/07/2018,8.14,10.50,0.00 (0.00 %)," ","50,300","524,160,000",0,0,10.50,10.30,10.60,10.20
05/07/2018,8.14,10.50,-0.10 (-0.94 %)," ","57,720","603,262,000",0,0,10.60,10.5,10.50,10.30
04/07/2018,8.22,10.60,-0.10 (-0.93 %)," ","85,000","899,700,000",0,0,10.70,10.50,10.60,10.30
03/07/2018,8.30,10.70,0.00 (0.00 %)," ","78,800","843,700,000",0,0,10.70,10.6,10.80,10.60
02/07/2018,8.30,10.70,0.00 (0.00 %)," ","61,000","652,700,000",0,0,10.70,10.70,10.70,10.70
29/06/2018,8.30,10.70,0.00 (0.00 %)," ","29,615","315,184,500",0,0,10.70,10.4,10.70,10.40
28/06/2018,8.30,10.70,0.00 (0.00 %)," ","38,030","404,828,000",0,0,10.70,10.60,10.70,10.50
27/06/2018,8.30,10.70,0.00 (0.00 %)," ","19,401","207,630,500",0,0,10.70,10.7,10.80,10.60
26/06/2018,8.30,10.70,0.00 (0.00 %)," ","5,200","55,250,000",0,0,10.70,10.50,10.70,10.50
25/06/2018,8.30,10.70,-0.10 (-0.93 %)," ","40,910","441,243,000",0,0,10.80,10.9,10.90,10.60
21/06/2018,8.30,10.70,-0.10 (-0.93 %)," ","29,100","311,340,000",0,0,10.80,10.6,10.70,10.60
20/06/2018,8.38,10.80,0.00 (0.00 %)," ","98,400","1,045,560,000",0,0,10.80,10.50,10.80,10.50
19/06/2018,8.38,10.80,0.00 (0.00 %)," ","69,400","741,080,000",0,0,10.80,10.7,10.80,10.50
18/06/2018,8.38,10.80,0.00 (0.00 %)," ","82,400","888,530,000",0,0,10.80,10.80,10.90,10.60
15/06/2018,8.38,10.80,-0.10 (-0.92 %)," ","37,040","400,116,000",0,0,10.90,10.9,10.90,10.80
14/06/2018,8.45,10.90,0.00 (0.00 %)," ","82,700","890,450,000",0,0,10.90,10.70,10.90,10.60
13/06/2018,8.45,10.90,0.10 (0.93 %)," ","52,100","562,180,000",0,0,10.80,10.8,10.90,10.70
12/06/2018,8.38,10.80,-0.10 (-0.92 %)," ","100,000","1,071,840,000",0,0,10.90,10.80,10.90,10.60
11/06/2018,8.45,10.90,0.00 (0.00 %)," ","22,150","241,125,000",0,0,10.90,10.7,10.90,10.70
08/06/2018,8.45,10.90,-0.10 (-0.91 %)," ","22,000","236,980,000",0,0,11.00,10.80,10.90,10.70
07/06/2018,8.53,11.00,0.00 (0.00 %)," ","51,430","551,381,000",0,0,11.00,10.6,11.00,10.60
06/06/2018,8.53,11.00,0.20 (1.85 %)," ","50,600","549,280,000",0,0,10.80,10.80,11.00,10.70
05/06/2018,8.38,10.80,-0.40 (-3.57 %)," ","123,810","1,359,063,000",0,0,11.20,11.1,11.20,10.80
04/06/2018,8.69,11.20,-0.20 (-1.75 %)," ","51,920","578,258,000",0,0,11.40,11.20,11.30,11.00
01/06/2018,8.84,11.40,0.40 (3.64 %)," ","53,412","598,233,200",0,0,11.00,11.6,11.60,10.80
31/05/2018,8.53,11.00,0.00 (0.00 %)," ","45,122","489,093,200",0,0,11.00,10.90,11.00,10.50
30/05/2018,8.53,11.00,0.60 (5.77 %)," ","79,368","849,026,200",0,0,10.40,10.4,11.00,10.30
29/05/2018,8.07,10.40,0.30 (2.97 %)," ","106,108","1,106,700,000",0,0,10.10,10.20,10.70,10.10
28/05/2018,7.83,10.10,-0.80 (-7.34 %)," ","159,600","1,681,560,000",0,0,10.90,10.5,10.80,10.10
24/05/2018,8.38,10.80,0.40 (3.85 %)," ","104,090","1,089,200,000",29,"272,600",10.40,10.4,10.80,10.40
23/05/2018,8.07,10.40,0.00 (0.00 %)," ","73,412","755,650,000",0,0,10.40,10.40,10.50,10.00
22/05/2018,8.07,10.40,-0.20 (-1.89 %)," ","220,110","2,236,078,000","613,900","6,507,340,000",10.60,10.0,10.60,9.80
21/05/2018,8.22,10.60,-1.10 (-9.40 %)," ","516,215","5,549,438,500",0,0,11.70,11.30,11.40,10.60
18/05/2018,9.07,11.70,0.00 (0.00 %)," ","52,100","595,640,000",0,0,11.70,11.9,11.90,11.10
17/05/2018,9.07,11.70,0.00 (0.00 %)," ","304,690","3,393,373,500",0,0,11.70,11.60,11.70,11.00
16/05/2018,9.07,11.70,-1.20 (-9.30 %)," ","884,080","10,612,316,000",60,"702,000",12.90,12.7,12.70,11.70
15/05/2018,10.00,12.90,-0.40 (-3.01 %)," ","267,110","3,514,433,000",0,0,13.30,13.30,13.50,12.90
14/05/2018,10.31,13.30,1.00 (8.13 %)," ","594,630","7,841,033,000",0,0,12.30,12.3,13.50,12.30
11/05/2018,9.54,12.30,0.00 (0.00 %)," ","122,890","1,506,428,000",0,0,12.30,12.30,12.30,12.20
10/05/2018,9.54,12.30,1.10 (9.82 %)," ","445,322","5,333,481,600",0,0,11.20,11.2,12.30,11.20
09/05/2018,8.69,11.20,0.10 (0.90 %)," ","52,960","588,215,800",0,0,11.10,11.20,11.20,11.10
08/05/2018,8.61,11.10,0.00 (0.00 %)," ","206,010","2,280,086,000",0,0,11.10,10.9,11.10,10.90
07/05/2018,8.61,11.10,0.00 (0.00 %)," ","86,102","945,071,800",0,0,11.10,11.10,11.10,10.90
04/05/2018,8.61,11.10,0.00 (0.00 %)," ","96,710","1,064,596,000",0,0,11.10,11.1,11.20,11.00
03/05/2018,8.61,11.10,0.20 (1.83 %)," ","262,302","2,863,571,800",0,0,10.90,10.90,11.10,10.90
02/05/2018,8.45,10.90,-0.20 (-1.80 %)," ","52,900","578,690,000",0,0,11.10,10.9,11.00,10.90
27/04/2018,8.61,11.10,0.10 (0.91 %)," ","94,050","1,036,760,000",0,0,11.00,11.00,11.10,11.00
26/04/2018,8.53,11.00,0.00 (0.00 %)," ","227,110","2,497,350,000",0,0,11.00,11.0,11.00,10.90
23/04/2018,8.38,10.80,-0.30 (-2.70 %)," ","249,160","2,739,882,000",0,0,11.10,11.1,11.10,10.80
20/04/2018,8.61,11.10,0.00 (0.00 %)," ","281,900","3,130,190,000",0,0,11.10,11.00,11.20,10.90
19/04/2018,8.61,11.10,0.00 (0.00 %)," ","156,600","1,725,120,000",0,0,11.10,11.1,11.10,11.00
18/04/2018,8.61,11.10,-0.20 (-1.77 %)," ","209,620","2,354,794,000",0,0,11.30,11.30,11.30,11.00
17/04/2018,8.76,11.30,0.10 (0.89 %)," ","217,020","2,430,232,000",0,0,11.20,11.2,11.30,11.10
16/04/2018,8.69,11.20,-0.10 (-0.88 %)," ","183,164","2,036,160,400",0,0,11.30,11.10,11.20,11.00
13/04/2018,8.76,11.30,0.10 (0.89 %)," ","284,100","3,197,400,000",0,0,11.20,11.2,11.30,11.20
12/04/2018,8.69,11.20,0.10 (0.90 %)," ","199,442","2,212,671,000",0,0,11.10,11.00,11.20,11.00
11/04/2018,8.61,11.10,-0.10 (-0.89 %)," ","173,158","1,891,322,800",0,0,11.20,11.1,11.10,10.70
10/04/2018,8.69,11.20,0.00 (0.00 %)," ","102,570","1,144,268,000",0,0,11.20,11.20,11.40,11.00
09/04/2018,8.69,11.20,0.00 (0.00 %)," ","250,824","2,829,179,600",0,0,11.20,11.0,11.40,11.00
06/04/2018,8.69,11.20,0.00 (0.00 %)," ","179,200","1,993,080,000",0,0,11.20,11.20,11.30,11.00
05/04/2018,8.69,11.20,0.20 (1.82 %)," ","270,310","2,964,399,000",0,0,11.00,10.9,11.20,10.80
04/04/2018,8.53,11.00,0.10 (0.92 %)," ","315,000","3,436,350,000",0,0,10.90,10.90,11.00,10.90
03/04/2018,8.45,10.90,0.00 (0.00 %)," ","325,888","3,547,554,200",0,0,10.90,10.5,11.00,10.50
02/04/2018,8.45,10.90,0.00 (0.00 %)," ","272,110","2,965,859,000","8,000","79,200,000",10.90,10.90,10.90,10.80
30/03/2018,8.45,10.90,0.10 (0.93 %)," ","225,500","2,437,110,000",0,0,10.80,10.8,10.90,10.80
29/03/2018,8.38,10.80,0.00 (0.00 %)," ","138,718","1,500,536,200",0,0,10.80,10.80,10.90,10.80
28/03/2018,8.38,10.80,-0.40 (-3.57 %)," ","95,165","1,045,985,000","8,000","98,400,000",11.20,11.2,11.20,10.80
26/03/2018,8.69,11.20,0.00 (0.00 %)," ","804,020","8,930,031,000",0,0,11.20,11.0,11.30,10.80
23/03/2018,8.69,11.20,0.20 (1.82 %)," ","704,100","7,698,250,000",0,0,11.00,11.00,11.20,10.80
22/03/2018,8.53,11.00,0.10 (0.92 %)," ","330,780","3,626,910,000",0,0,10.90,10.9,11.10,10.90
21/03/2018,8.45,10.90,0.10 (0.93 %)," ","422,550","4,616,480,000",0,0,10.80,10.80,11.00,10.80
20/03/2018,8.38,10.80,0.00 (0.00 %)," ","395,430","4,303,867,000",0,0,10.80,10.8,11.00,10.80
19/03/2018,8.38,10.80,0.10 (0.93 %)," ","259,000","2,804,498,000","8,000","77,600,000",10.70,10.70,10.90,10.70
16/03/2018,8.30,10.70,-0.10 (-0.93 %)," ","212,700","2,282,290,000",0,0,10.80,10.9,10.90,10.70
15/03/2018,8.38,10.80,0.30 (2.86 %)," ","460,610","4,892,086,000",0,0,10.50,10.50,10.90,10.40
14/03/2018,8.14,10.50,-0.10 (-0.94 %)," ","733,340","7,778,086,000","8,000","92,800,000",10.60,10.6,10.80,10.50
13/03/2018,8.22,10.60,0.40 (3.92 %)," ","291,400","3,027,000,000",0,0,10.20,10.20,10.60,10.20
12/03/2018,7.91,10.20,-0.20 (-1.92 %)," ","550,660","5,701,860,000",0,0,10.40,10.4,10.60,10.10
09/03/2018,8.07,10.40,0.10 (0.97 %)," ","257,046","2,649,233,800",0,0,10.30,10.40,10.40,10.30
08/03/2018,7.99,10.30,0.20 (1.98 %)," ","205,540","2,089,570,000",0,0,10.10,9.5,10.30,9.50
07/03/2018,7.83,10.10,0.20 (2.02 %)," ","448,635","4,492,838,400",0,0,9.90,10.00,10.20,9.90
06/03/2018,7.68,9.90,0.30 (3.13 %)," ","244,110","2,397,006,000",0,0,9.60,9.6,10.00,9.60
05/03/2018,7.45,9.60,-0.20 (-2.04 %)," ","198,750","1,932,380,000",0,0,9.80,9.80,9.90,9.60
02/03/2018,7.60,9.80,0.00 (0.00 %)," ","77,628","764,132,200",0,0,9.80,9.8,9.90,9.80
01/03/2018,7.60,9.80,0.30 (3.16 %)," ","532,920","5,210,124,000","8,000","68,800,000",9.50,9.60,10.00,9.60
28/02/2018,7.37,9.50,-0.10 (-1.04 %)," ","190,575","1,817,692,500",0,0,9.60,9.5,9.70,9.50
26/02/2018,7.45,9.60,-0.10 (-1.03 %)," ","82,698","798,556,600",0,0,9.70,9.7,9.80,9.60
23/02/2018,7.52,9.70,0.00 (0.00 %)," ","134,000","1,299,400,000","8,000","84,800,000",9.70,9.70,9.80,9.60
22/02/2018,7.52,9.70,0.20 (2.11 %)," ","306,400","2,937,710,000",0,0,9.50,9.5,9.70,9.40
21/02/2018,7.37,9.50,0.20 (2.15 %)," ","61,700","580,400,000",0,0,9.30,9.30,9.50,9.30
13/02/2018,7.21,9.30,-0.10 (-1.06 %)," ","77,600","725,200,000",0,0,9.40,9.4,9.40,9.30
12/02/2018,7.29,9.40,0.10 (1.08 %)," ","34,340","322,616,000",0,0,9.30,9.50,9.50,9.30
09/02/2018,7.21,9.30,0.10 (1.09 %)," ","349,413","3,211,440,900",0,0,9.20,9.1,9.40,9.00
08/02/2018,7.13,9.20,0.10 (1.10 %)," ","291,900","2,679,810,000","8,000","65,600,000",9.10,9.20,9.30,9.10
07/02/2018,7.06,9.10,0.30 (3.41 %)," ","141,050","1,289,008,000",0,0,8.80,9.0,9.30,9.00
06/02/2018,6.82,8.80,-0.40 (-4.35 %)," ","268,500","2,349,910,000",0,0,9.20,9.20,9.20,8.50
05/02/2018,7.13,9.20,-0.30 (-3.16 %)," ","228,900","2,124,490,000","8,000","83,200,000",9.50,9.4,9.40,9.20
02/02/2018,7.37,9.50,0.00 (0.00 %)," ","107,100","1,008,170,000",0,0,9.50,9.40,9.50,9.30
01/02/2018,7.37,9.50,0.10 (1.06 %)," ","218,900","2,063,850,000",0,0,9.40,9.5,9.60,9.30
31/01/2018,7.29,9.40,-0.10 (-1.05 %)," ","380,600","3,580,110,000",0,0,9.50,9.50,9.50,9.30
30/01/2018,7.37,9.50,0.00 (0.00 %)," ","163,947","1,547,326,500",0,0,9.50,9.5,9.60,9.40
29/01/2018,7.37,9.50,-0.20 (-2.06 %)," ","206,510","1,971,896,000","8,000","70,400,000",9.70,9.50,9.70,9.50
26/01/2018,7.52,9.70,0.00 (0.00 %)," ","102,313","985,205,100",0,0,9.70,9.6,9.70,9.60
25/01/2018,7.52,9.70,-0.10 (-1.02 %)," ","149,055","1,448,048,000",0,0,9.80,9.80,9.80,9.60
24/01/2018,7.60,9.80,-0.20 (-2.00 %)," ","398,910","3,926,329,000","8,000","88,000,000",10.00,10.0,10.00,9.70
22/01/2018,7.68,9.90,0.20 (2.06 %)," ","615,922","5,968,271,200",0,0,9.70,9.8,9.90,9.40
19/01/2018,7.52,9.70,0.00 (0.00 %)," ","174,060","1,695,652,400","8,000","70,400,000",9.70,9.80,9.90,9.60
18/01/2018,7.52,9.70,-0.10 (-1.02 %)," ","203,594","1,958,274,200",0,0,9.80,9.7,9.70,9.50
17/01/2018,7.60,9.80,0.00 (0.00 %)," ","137,900","1,325,060,000",0,0,9.80,9.70,9.80,9.50
16/01/2018,7.60,9.80,0.00 (0.00 %)," ","438,422","4,304,935,000","8,000","85,600,000",9.80,9.7,10.00,9.60
15/01/2018,7.60,9.80,-0.10 (-1.01 %)," ","182,250","1,789,310,000",0,0,9.90,9.90,9.90,9.70
12/01/2018,7.68,9.90,0.00 (0.00 %)," ","386,300","3,849,070,000",0,0,9.90,9.9,10.10,9.70
11/01/2018,7.68,9.90,0.00 (0.00 %)," ","111,850","1,102,594,000",0,0,9.90,10.00,10.00,9.80
10/01/2018,7.68,9.90,0.30 (3.13 %)," ","856,512","8,519,541,600","8,000","69,600,000",9.60,9.6,10.20,9.60
09/01/2018,7.45,9.60,0.40 (4.35 %)," ","557,402","5,294,478,400",0,0,9.20,9.20,9.60,9.20
08/01/2018,7.13,9.20,-0.10 (-1.08 %)," ","115,900","1,072,380,000",0,0,9.30,9.3,9.30,9.20
05/01/2018,7.21,9.30,-0.10 (-1.06 %)," ","70,010","650,903,000","8,000","82,400,000",9.40,9.40,9.40,9.20
04/01/2018,7.29,9.40,0.10 (1.08 %)," ","108,800","1,012,230,000",0,0,9.30,9.3,9.40,9.20
03/01/2018,7.21,9.30,0.00 (0.00 %)," ","169,400","1,575,470,000",0,0,9.30,9.30,9.40,9.20
02/01/2018,7.21,9.30,0.10 (1.09 %)," ","94,900","880,170,000",0,0,9.20,9.1,9.30,9.10
29/12/2017,7.13,9.20,-0.10 (-1.08 %)," ","116,290","1,072,256,000",0,0,9.30,9.10,9.30,9.10
28/12/2017,7.21,9.30,0.00 (0.00 %)," ","126,140","1,155,950,000",0,0,9.30,9.3,9.30,9.10
27/12/2017,7.21,9.30,0.00 (0.00 %)," ","61,501","567,299,300",0,0,9.30,9.30,9.30,9.20
26/12/2017,7.21,9.30,0.00 (0.00 %)," ","46,700","430,250,000",0,0,9.30,9.3,9.30,9.20
22/12/2017,7.13,9.20,-0.10 (-1.08 %)," ","62,700","578,430,000",1,"8,400",9.30,9.4,9.40,9.20
21/12/2017,7.21,9.30,0.00 (0.00 %)," ","60,800","565,580,000",0,0,9.30,9.30,9.40,9.30
20/12/2017,7.21,9.30,-0.10 (-1.06 %)," ","91,840","863,072,000",0,0,9.40,9.3,9.50,9.30
19/12/2017,7.29,9.40,-0.10 (-1.05 %)," ","105,500","982,350,000",0,0,9.50,9.50,9.50,9.20
18/12/2017,7.37,9.50,0.00 (0.00 %)," ","114,810","1,084,150,000",0,0,9.50,9.4,9.60,9.40
15/12/2017,7.37,9.50,0.10 (1.06 %)," ","132,600","1,249,940,000",0,0,9.40,9.40,9.50,9.40
14/12/2017,7.29,9.40,0.20 (2.17 %)," ","181,600","1,689,190,000",0,0,9.20,9.2,9.40,9.20
13/12/2017,7.13,9.20,0.00 (0.00 %)," ","73,010","671,972,000",0,0,9.20,9.20,9.30,9.10
12/12/2017,7.13,9.20,-0.10 (-1.08 %)," ","338,900","3,101,680,000",0,0,9.30,9.3,9.30,9.00
11/12/2017,7.21,9.30,-0.10 (-1.06 %)," ","154,504","1,438,117,600",0,0,9.40,9.40,9.50,9.20
08/12/2017,7.29,9.40,-0.20 (-2.08 %)," ","101,130","956,262,000",0,0,9.60,9.5,9.50,9.40
07/12/2017,7.45,9.60,0.00 (0.00 %)," ","210,300","1,999,490,000",0,0,9.60,9.60,9.60,9.40
06/12/2017,7.45,9.60,0.00 (0.00 %)," ","178,640","1,706,404,000",0,0,9.60,9.5,9.70,9.50
05/12/2017,7.45,9.60,-0.20 (-2.04 %)," ","350,710","3,414,156,000",0,0,9.80,9.90,10.10,9.50
04/12/2017,7.60,9.80,0.60 (6.52 %)," ","761,520","7,303,914,000",0,0,9.20,9.3,9.80,9.20
01/12/2017,7.13,9.20,0.00 (0.00 %)," ","138,910","1,275,922,000",0,0,9.20,9.20,9.30,9.10
30/11/2017,7.13,9.20,0.00 (0.00 %)," ","126,700","1,165,080,000",0,0,9.20,9.3,9.30,9.10
29/11/2017,7.13,9.20,0.00 (0.00 %)," ","41,500","381,820,000",0,0,9.20,9.20,9.30,9.20
28/11/2017,7.13,9.20,0.10 (1.10 %)," ","78,006","717,382,200",0,0,9.10,9.2,9.20,9.10
24/11/2017,7.13,9.20,0.10 (1.10 %)," ","207,905","1,882,095,000",0,0,9.10,9.0,9.20,8.90
23/11/2017,7.06,9.10,0.00 (0.00 %)," ","186,700","1,698,520,000",0,0,9.10,9.10,9.20,9.00
22/11/2017,7.06,9.10,0.00 (0.00 %)," ","107,703","980,116,700",0,0,9.10,9.1,9.20,9.00
21/11/2017,7.06,9.10,0.00 (0.00 %)," ","238,100","2,156,250,000",0,0,9.10,9.10,9.10,9.00
20/11/2017,7.06,9.10,-0.10 (-1.09 %)," ","64,100","583,930,000",0,0,9.20,9.2,9.20,9.00
17/11/2017,7.13,9.20,0.00 (0.00 %)," ","109,400","1,005,580,000",0,0,9.20,9.20,9.30,9.10
16/11/2017,7.13,9.20,-0.10 (-1.08 %)," ","72,700","668,750,000",0,0,9.30,9.2,9.30,9.10
15/11/2017,7.21,9.30,0.20 (2.20 %)," ","227,300","2,077,970,000",0,0,9.10,9.10,9.30,9.10
14/11/2017,7.06,9.10,-0.10 (-1.09 %)," ","84,300","767,190,000",0,0,9.20,9.1,9.20,9.00
13/11/2017,7.13,9.20,-0.10 (-1.08 %)," ","66,300","605,160,000",0,0,9.30,9.10,9.20,9.10
10/11/2017,7.21,9.30,0.20 (2.20 %)," ","94,300","867,810,000",0,0,9.10,9.1,9.30,9.10
09/11/2017,7.06,9.10,0.00 (0.00 %)," ","156,200","1,432,410,000",0,0,9.10,9.10,9.30,9.00
08/11/2017,7.06,9.10,-0.10 (-1.09 %)," ","56,700","516,330,000",0,0,9.20,9.2,9.20,9.10
07/11/2017,7.13,9.20,0.00 (0.00 %)," ","64,800","590,360,000","8,000","66,400,000",9.20,9.10,9.20,9.00
06/11/2017,7.13,9.20,0.20 (2.22 %)," ","127,000","1,145,180,000",0,0,9.00,9.0,9.20,8.90
03/11/2017,6.98,9.00,0.00 (0.00 %)," ","51,600","462,490,000",0,0,9.00,9.00,9.00,8.90
02/11/2017,6.98,9.00,0.00 (0.00 %)," ","146,700","1,325,610,000","8,000","79,200,000",9.00,9.1,9.20,8.90
01/11/2017,6.98,9.00,-0.20 (-2.17 %)," ","193,100","1,759,200,000",0,0,9.20,9.20,9.20,9.00
31/10/2017,7.13,9.20,-0.10 (-1.08 %)," ","112,612","1,039,301,600",0,0,9.30,9.3,9.30,9.20
27/10/2017,7.29,9.40,-0.10 (-1.05 %)," ","34,600","325,290,000",0,0,9.50,9.4,9.50,9.40
26/10/2017,7.37,9.50,-0.10 (-1.04 %)," ","107,600","1,023,620,000","8,000","69,600,000",9.60,9.60,9.70,9.40
25/10/2017,7.45,9.60,0.10 (1.05 %)," ","246,700","2,355,360,000",0,0,9.50,9.6,9.70,9.50
24/10/2017,7.37,9.50,0.00 (0.00 %)," ","177,510","1,690,516,000",0,0,9.50,9.50,9.60,9.40
23/10/2017,7.37,9.50,-0.30 (-3.06 %)," ","121,000","1,169,820,000","8,000","85,600,000",9.80,9.8,9.90,9.50
20/10/2017,7.60,9.80,0.30 (3.16 %)," ","626,840","6,028,792,000",0,0,9.50,9.50,9.90,9.30
19/10/2017,7.37,9.50,0.10 (1.06 %)," ","82,500","783,750,000",0,0,9.40,9.5,9.50,9.50
18/10/2017,7.29,9.40,-0.10 (-1.05 %)," ","173,410","1,638,404,000","8,000","68,800,000",9.50,9.50,9.60,9.40
17/10/2017,7.37,9.50,0.00 (0.00 %)," ","109,900","1,040,940,000",0,0,9.50,8.6,9.50,8.60
16/10/2017,7.37,9.50,0.00 (0.00 %)," ","149,300","1,415,320,000",0,0,9.50,9.40,9.60,9.40
13/10/2017,7.37,9.50,0.00 (0.00 %)," ","118,948","1,130,309,000","8,000","83,200,000",9.50,9.5,9.60,9.50
12/10/2017,7.37,9.50,0.00 (0.00 %)," ","109,900","1,044,050,000",0,0,9.50,9.50,9.50,9.50
11/10/2017,7.37,9.50,0.00 (0.00 %)," ","140,720","1,344,962,000",0,0,9.50,9.5,9.70,9.50
10/10/2017,7.37,9.50,-0.10 (-1.04 %)," ","143,640","1,370,940,000","8,000","69,600,000",9.60,9.50,9.60,9.50
09/10/2017,7.45,9.60,0.00 (0.00 %)," ","35,920","341,712,000",0,0,9.60,9.5,9.60,9.50
06/10/2017,7.45,9.60,0.10 (1.05 %)," ","69,900","663,960,000",0,0,9.50,9.50,9.60,9.40
05/10/2017,7.37,9.50,-0.20 (-2.06 %)," ","61,400","587,240,000","8,000","84,800,000",9.70,9.6,9.60,9.50
04/10/2017,7.52,9.70,0.10 (1.04 %)," ","124,388","1,189,280,600",0,0,9.60,9.60,9.70,9.50
03/10/2017,7.45,9.60,-0.10 (-1.03 %)," ","138,200","1,321,080,000",0,0,9.70,9.7,9.70,9.40
29/09/2017,7.52,9.70,0.10 (1.04 %)," ","93,400","897,010,000",0,0,9.60,9.6,9.70,9.60
28/09/2017,7.45,9.60,-0.20 (-2.04 %)," ","176,710","1,700,348,000",0,0,9.80,9.70,9.80,9.60
27/09/2017,7.60,9.80,0.00 (0.00 %)," ","63,800","618,300,000","8,000","85,600,000",9.80,9.7,9.80,9.60
26/09/2017,7.60,9.80,0.10 (1.03 %)," ","142,680","1,384,469,000",0,0,9.70,9.70,9.80,9.70
25/09/2017,7.52,9.70,0.00 (0.00 %)," ","261,220","2,555,474,000",0,0,9.70,9.8,9.80,9.70
22/09/2017,7.52,9.70,0.10 (1.04 %)," ","211,823","2,057,838,500","8,000","69,600,000",9.60,9.70,9.80,9.60
21/09/2017,7.45,9.60,-0.10 (-1.03 %)," ","72,047","692,921,200",0,0,9.70,9.8,9.80,9.60
20/09/2017,7.52,9.70,-0.10 (-1.02 %)," ","164,000","1,591,100,000",0,0,9.80,9.70,9.80,9.60
19/09/2017,7.60,9.80,0.00 (0.00 %)," ","311,160","3,029,211,000","8,000","85,600,000",9.80,9.8,9.90,9.60
18/09/2017,7.60,9.80,0.10 (1.03 %)," ","207,520","2,022,084,000",0,0,9.70,9.70,9.90,9.60
15/09/2017,7.52,9.70,-0.10 (-1.02 %)," ","54,430","529,178,000",0,0,9.80,9.8,9.80,9.60
14/09/2017,7.60,9.80,0.20 (2.08 %)," ","315,740","3,091,848,000",0,0,9.60,9.60,9.90,9.60
13/09/2017,7.45,9.60,0.10 (1.05 %)," ","242,600","2,321,028,000","8,000","68,800,000",9.50,9.4,9.70,9.40
12/09/2017,7.37,9.50,0.10 (1.06 %)," ","202,900","1,917,460,000",0,0,9.40,9.30,9.50,9.30
11/09/2017,7.29,9.40,0.00 (0.00 %)," ","60,319","562,577,700",0,0,9.40,9.4,9.40,9.30
08/09/2017,7.29,9.40,-0.10 (-1.05 %)," ","81,100","765,330,000","8,000","83,200,000",9.50,9.50,9.60,9.40
07/09/2017,7.37,9.50,-0.10 (-1.04 %)," ","108,050","1,031,265,000",0,0,9.60,9.4,9.70,9.40
06/09/2017,7.45,9.60,0.10 (1.05 %)," ","150,820","1,430,360,000",0,0,9.50,9.50,9.60,9.40
05/09/2017,7.37,9.50,-0.10 (-1.04 %)," ","50,610","484,956,000",0,0,9.60,9.6,9.70,9.50
31/08/2017,7.45,9.60,0.30 (3.23 %)," ","424,230","4,030,178,000",0,0,9.30,9.3,9.80,9.30
30/08/2017,7.21,9.30,0.00 (0.00 %)," ","122,063","1,136,225,300",0,0,9.30,9.30,9.40,9.30
29/08/2017,7.21,9.30,-0.10 (-1.06 %)," ","98,320","921,542,000",0,0,9.40,9.4,9.50,9.30
28/08/2017,7.29,9.40,-0.10 (-1.05 %)," ","298,300","2,822,090,000",0,0,9.50,9.60,9.60,9.30
25/08/2017,7.37,9.50,0.00 (0.00 %)," ","217,800","2,051,800,000",0,0,9.50,9.5,9.60,9.30
24/08/2017,7.37,9.50,0.10 (1.06 %)," ","75,000","709,110,000",0,0,9.40,9.50,9.50,9.40
23/08/2017,7.29,9.40,0.10 (1.08 %)," ","57,900","545,120,000",0,0,9.30,9.3,9.50,9.30
22/08/2017,7.21,9.30,0.00 (0.00 %)," ","119,900","1,127,590,000",0,0,9.30,9.40,9.50,9.30
21/08/2017,7.21,9.30,0.00 (0.00 %)," ","145,800","1,356,850,000",0,0,9.30,9.4,9.50,9.20
18/08/2017,7.21,9.30,-0.10 (-1.06 %)," ","154,980","1,445,304,000",0,0,9.40,9.30,9.50,9.30
17/08/2017,7.29,9.40,-0.20 (-2.08 %)," ","90,100","850,720,000",0,0,9.60,9.5,9.60,9.30
16/08/2017,7.45,9.60,-0.10 (-1.03 %)," ","96,000","924,830,000",0,0,9.70,9.70,9.80,9.50
15/08/2017,7.52,9.70,0.20 (2.11 %)," ","344,400","3,363,170,000","8,000","68,800,000",9.50,9.6,9.90,9.60
14/08/2017,7.37,9.50,0.20 (2.15 %)," ","148,140","1,392,010,000",0,0,9.30,9.40,9.50,9.20
11/08/2017,7.21,9.30,0.00 (0.00 %)," ","128,200","1,189,890,000",0,0,9.30,9.3,9.40,9.20
10/08/2017,7.21,9.30,0.00 (0.00 %)," ","39,660","370,098,000","8,000","81,600,000",9.30,9.40,9.40,9.30
09/08/2017,7.21,9.30,-0.20 (-2.11 %)," ","388,010","3,628,835,000",0,0,9.50,9.5,9.50,9.30
08/08/2017,7.37,9.50,0.00 (0.00 %)," ","213,368","2,032,967,800",0,0,9.50,9.90,9.90,9.50
07/08/2017,7.37,9.50,0.00 (0.00 %)," ","122,950","1,158,575,000","8,000","68,800,000",9.50,9.4,9.50,9.30
03/08/2017,7.29,9.40,-0.10 (-1.05 %)," ","200,400","1,877,720,000",0,0,9.50,9.4,9.40,9.30
02/08/2017,7.37,9.50,0.00 (0.00 %)," ","56,800","533,450,000","8,000","83,200,000",9.50,9.40,9.50,9.30
01/08/2017,7.37,9.50,0.00 (0.00 %)," ","149,700","1,410,400,000",0,0,9.50,9.5,9.60,9.30
31/07/2017,7.37,9.50,-0.10 (-1.04 %)," ","194,100","1,851,670,000",0,0,9.60,9.60,9.70,9.40
28/07/2017,7.45,9.60,0.00 (0.00 %)," ","95,810","921,926,000","8,000","69,600,000",9.60,9.6,9.70,9.60
27/07/2017,7.45,9.60,-0.20 (-2.04 %)," ","69,100","667,440,000",0,0,9.80,9.70,9.70,9.60
26/07/2017,7.60,9.80,0.20 (2.08 %)," ","164,900","1,572,180,000",0,0,9.60,9.6,9.80,9.40
25/07/2017,7.45,9.60,0.00 (0.00 %)," ","365,500","3,445,100,000","8,000","84,000,000",9.60,9.50,9.60,9.20
24/07/2017,7.45,9.60,-0.30 (-3.03 %)," ","389,300","3,758,880,000",0,0,9.90,9.9,9.90,9.50
21/07/2017,7.68,9.90,-0.20 (-1.98 %)," ","371,139","3,691,155,200",0,0,10.10,9.90,10.00,9.80
20/07/2017,7.83,10.10,-0.20 (-1.94 %)," ","357,000","3,585,860,000",0,0,10.30,10.2,10.20,10.00
19/07/2017,7.99,10.30,0.00 (0.00 %)," ","142,800","1,471,090,000","1,866,200","19,221,860,000",10.30,10.30,10.50,10.20
18/07/2017,7.99,10.30,-0.30 (-2.83 %)," ","360,619","3,765,321,400",0,0,10.60,10.7,10.80,10.30
17/07/2017,8.22,10.60,0.10 (0.95 %)," ","921,320","9,919,813,000",0,0,10.50,10.70,10.90,10.60
14/07/2017,8.14,10.50,0.10 (0.96 %)," ","632,430","6,624,948,000",40,"376,000",10.40,10.5,10.60,10.40
13/07/2017,8.07,10.40,0.40 (4.00 %)," ","518,300","5,349,080,000","8,000","72,000,000",10.00,10.10,10.50,10.10
12/07/2017,7.76,10.00,-0.10 (-0.99 %)," ","138,500","1,385,080,000",0,0,10.10,10.0,10.10,10.00
11/07/2017,7.83,10.10,0.00 (0.00 %)," ","168,930","1,694,650,000",0,0,10.10,10.10,10.10,10.00
10/07/2017,7.83,10.10,-0.20 (-1.94 %)," ","287,400","2,903,560,000","8,000","90,400,000",10.30,10.3,10.30,10.00
06/07/2017,7.99,10.30,0.00 (0.00 %)," ","224,230","2,300,351,000",0,0,10.30,10.3,10.40,10.20
05/07/2017,7.99,10.30,-0.10 (-0.96 %)," ","137,200","1,419,500,000",0,0,10.40,10.40,10.50,10.30
04/07/2017,8.07,10.40,0.20 (1.96 %)," ","91,100","940,100,000",0,0,10.20,10.2,10.40,10.20
03/07/2017,7.91,10.20,0.10 (0.99 %)," ","558,020","5,770,262,000",0,0,10.10,10.10,10.70,10.10
30/06/2017,7.83,10.10,0.00 (0.00 %)," ","118,868","1,198,912,800",0,0,10.10,10.1,10.10,10.00
29/06/2017,7.83,10.10,-0.10 (-0.98 %)," ","111,300","1,127,130,000",0,0,10.20,10.20,10.20,10.10
28/06/2017,7.91,10.20,0.00 (0.00 %)," ","64,850","656,695,000","8,000","73,600,000",10.20,10.1,10.20,10.00
27/06/2017,7.91,10.20,0.00 (0.00 %)," ","187,130","1,903,481,000",0,0,10.20,10.20,10.30,10.10
26/06/2017,7.91,10.20,-0.10 (-0.97 %)," ","544,615","5,474,684,500",0,0,10.30,10.2,10.20,9.90
23/06/2017,7.99,10.30,-0.20 (-1.90 %)," ","249,100","2,586,810,000","8,000","92,000,000",10.50,10.50,10.60,10.30
22/06/2017,8.14,10.50,-0.30 (-2.78 %)," ","300,510","3,159,745,000",0,0,10.80,11.1,11.10,10.40
21/06/2017,8.37,12.30,0.10 (0.82 %)," ","671,700","8,200,420,000",0,0,12.20,12.20,12.30,12.10
20/06/2017,8.30,12.20,-0.10 (-0.81 %)," ","430,367","5,243,548,700",0,0,12.30,12.3,12.30,12.10
19/06/2017,8.37,12.30,0.00 (0.00 %)," ","383,330","4,706,709,000",0,0,12.30,12.40,12.40,12.20
16/06/2017,8.37,12.30,0.10 (0.82 %)," ","352,923","4,329,725,600",0,0,12.20,12.2,12.40,12.20
15/06/2017,8.30,12.20,-0.10 (-0.81 %)," ","296,800","3,629,330,000",0,0,12.30,12.40,12.40,12.20
14/06/2017,8.37,12.30,0.00 (0.00 %)," ","341,967","4,206,754,100",0,0,12.30,12.4,12.40,12.30
13/06/2017,8.37,12.30,0.10 (0.82 %)," ","302,150","3,718,835,000",0,0,12.20,12.30,12.40,12.30
12/06/2017,8.30,12.20,-0.20 (-1.61 %)," ","411,780","5,049,792,000",0,0,12.40,12.3,12.50,12.10
08/06/2017,8.50,12.50,0.10 (0.81 %)," ","818,450","10,209,445,000",0,0,12.40,12.6,12.70,12.30
07/06/2017,8.43,12.40,0.40 (3.33 %)," ","1,145,024","14,197,516,200",0,0,12.00,12.20,12.70,12.10
06/06/2017,8.16,12.00,0.30 (2.56 %)," ","516,430","6,146,935,000",0,0,11.70,11.8,12.00,11.60
05/06/2017,7.96,11.70,0.20 (1.74 %)," ","268,880","3,117,362,000",0,0,11.50,11.50,11.80,11.50
02/06/2017,7.82,11.50,0.00 (0.00 %)," ","70,600","806,330,000",0,0,11.50,11.5,11.50,11.40
01/06/2017,7.82,11.50,0.00 (0.00 %)," ","267,600","3,066,270,000",0,0,11.50,11.50,11.60,11.30
31/05/2017,7.82,11.50,0.10 (0.88 %)," ","213,000","2,421,530,000",0,0,11.40,11.4,11.50,11.30
30/05/2017,7.75,11.40,-0.10 (-0.87 %)," ","135,900","1,546,500,000","8,000","83,200,000",11.50,11.50,11.50,11.30
29/05/2017,7.82,11.50,0.20 (1.77 %)," ","149,400","1,704,810,000",0,0,11.30,11.3,11.50,11.30
26/05/2017,7.69,11.30,-0.10 (-0.88 %)," ","267,900","3,035,720,000",0,0,11.40,11.40,11.50,11.30
25/05/2017,7.75,11.40,0.00 (0.00 %)," ","160,330","1,818,047,000","8,000","100,000,000",11.40,11.3,11.50,10.70
24/05/2017,7.75,11.40,0.00 (0.00 %)," ","118,410","1,345,551,000",0,0,11.40,11.40,11.50,11.30
23/05/2017,7.75,11.40,-0.10 (-0.87 %)," ","187,600","2,148,020,000",0,0,11.50,11.4,11.50,11.40
22/05/2017,7.82,11.50,0.00 (0.00 %)," ","235,550","2,690,230,000","8,000","83,200,000",11.50,11.50,11.50,11.40
19/05/2017,7.82,11.50,0.00 (0.00 %)," ","194,800","2,236,960,000",0,0,11.50,11.4,11.50,11.40
18/05/2017,7.82,11.50,-0.10 (-0.86 %)," ","229,300","2,635,250,000",0,0,11.60,11.50,11.70,11.40
17/05/2017,7.89,11.60,0.20 (1.75 %)," ","189,500","2,167,760,000","8,000","100,000,000",11.40,11.4,11.60,11.30
16/05/2017,7.75,11.40,-0.40 (-3.39 %)," ","493,700","5,694,900,000",0,0,11.80,11.80,11.80,11.40
15/05/2017,8.03,11.80,0.00 (0.00 %)," ","218,750","2,593,990,000",0,0,11.80,12.0,12.00,11.80
11/05/2017,7.82,11.50,0.10 (0.88 %)," ","138,600","1,594,030,000",0,0,11.40,11.5,11.60,11.30
10/05/2017,7.75,11.40,0.10 (0.88 %)," ","194,700","2,220,620,000",0,0,11.30,11.30,11.50,11.30
09/05/2017,7.69,11.30,0.00 (0.00 %)," ","226,600","2,562,580,000","8,000","81,600,000",11.30,10.6,11.40,10.60
08/05/2017,7.69,11.30,0.00 (0.00 %)," ","168,630","1,912,005,000",0,0,11.30,11.30,11.50,11.20
05/05/2017,7.69,11.30,-0.20 (-1.74 %)," ","256,900","2,907,410,000",0,0,11.50,11.6,11.60,11.20
04/05/2017,7.82,11.50,-0.10 (-0.86 %)," ","136,620","1,575,902,000","8,000","101,600,000",11.60,11.60,11.70,11.50
03/05/2017,7.89,11.60,0.20 (1.75 %)," ","256,900","2,970,020,000",0,0,11.40,11.5,11.60,11.40
28/04/2017,7.75,11.40,0.10 (0.88 %)," ","242,000","2,737,600,000",0,0,11.30,11.30,11.40,11.30
27/04/2017,7.69,11.30,0.10 (0.89 %)," ","221,044","2,518,270,600","8,000","80,800,000",11.20,11.4,11.50,11.30
26/04/2017,7.62,11.20,-0.10 (-0.88 %)," ","267,400","3,020,350,000",0,0,11.30,11.20,11.40,11.20
25/04/2017,7.69,11.30,0.00 (0.00 %)," ","279,700","3,166,350,000",0,0,11.30,11.5,11.50,11.20
24/04/2017,7.69,11.30,-0.60 (-5.04 %)," ","376,630","4,316,568,000","8,000","104,000,000",11.90,11.90,11.90,11.10
21/04/2017,8.09,11.90,-0.40 (-3.25 %)," ","612,320","7,357,588,000",0,0,12.30,12.1,12.20,11.90
20/04/2017,8.37,12.30,-0.10 (-0.81 %)," ","55,600","679,650,000",0,0,12.40,12.30,12.30,12.20
19/04/2017,8.43,12.40,0.10 (0.81 %)," ","179,540","2,202,558,000",0,0,12.30,12.2,12.40,12.10
18/04/2017,8.37,12.30,0.10 (0.82 %)," ","154,900","1,897,030,000","8,000","88,000,000",12.20,12.20,12.30,12.20
17/04/2017,8.30,12.20,-0.10 (-0.81 %)," ","204,030","2,487,767,000",66,"732,600",12.30,12.3,12.60,12.00
14/04/2017,8.37,12.30,-0.40 (-3.15 %)," ","281,500","3,475,790,000",0,0,12.70,12.50,12.50,12.20
13/04/2017,8.64,12.70,-0.80 (-5.93 %)," ","296,103","3,759,018,400","8,000","118,400,000",13.50,13.0,13.00,12.50
11/04/2017,8.50,12.50,-0.20 (-1.57 %)," ","685,200","8,610,040,000",0,0,12.70,12.7,12.70,12.40
10/04/2017,8.64,12.70,-0.20 (-1.55 %)," ","283,290","3,640,117,000",0,0,12.90,13.00,13.00,12.70
07/04/2017,8.77,12.90,-0.10 (-0.77 %)," ","340,140","4,420,836,000","8,000","93,600,000",13.00,13.2,13.20,12.80
05/04/2017,8.84,13.00,0.20 (1.56 %)," ","579,500","7,557,570,000",0,0,12.80,12.80,13.20,12.80
04/04/2017,8.71,12.80,-0.10 (-0.78 %)," ","334,850","4,283,940,000",0,0,12.90,12.8,13.00,12.70
03/04/2017,8.77,12.90,-0.10 (-0.77 %)," ","605,400","7,793,300,000","8,000","114,400,000",13.00,13.00,13.20,12.70
31/03/2017,8.84,13.00,-0.10 (-0.76 %)," ","614,531","8,095,779,200",0,0,13.10,13.1,13.40,13.00
30/03/2017,8.91,13.10,0.70 (5.65 %)," ","943,189","12,104,843,200",0,0,12.40,12.40,13.10,12.40
29/03/2017,8.43,12.40,0.40 (3.33 %)," ","783,728","9,618,831,700",0,0,12.00,12.2,12.40,12.20
28/03/2017,8.16,12.00,-0.20 (-1.64 %)," ","300,901","3,626,312,200",0,0,12.20,12.10,12.20,12.00
27/03/2017,8.30,12.20,-0.10 (-0.81 %)," ","162,546","1,981,214,200",0,0,12.30,12.4,12.40,12.10
24/03/2017,8.37,12.30,0.10 (0.82 %)," ","249,700","3,033,960,000",0,0,12.20,12.10,12.30,12.00
23/03/2017,8.30,12.20,0.10 (0.83 %)," ","251,710","3,035,081,000",0,0,12.10,12.1,12.20,11.90
22/03/2017,8.23,12.10,-0.20 (-1.63 %)," ","290,710","3,563,974,000",0,0,12.30,12.20,12.30,12.10
21/03/2017,8.37,12.30,0.20 (1.65 %)," ","581,950","7,001,494,000",0,0,12.10,12.1,12.30,11.80
20/03/2017,8.23,12.10,-0.10 (-0.82 %)," ","317,600","3,846,440,000","8,000","88,000,000",12.20,12.30,12.30,12.00
17/03/2017,8.30,12.20,0.10 (0.83 %)," ","245,050","3,005,508,000",0,0,12.10,12.1,12.50,12.00
16/03/2017,8.23,12.10,0.20 (1.68 %)," ","441,720","5,336,528,000",0,0,11.90,11.90,12.30,11.90
15/03/2017,8.09,11.90,-0.40 (-3.25 %)," ","632,520","7,617,085,000","8,000","108,000,000",12.30,12.3,12.30,11.90
13/03/2017,8.77,12.90,-0.10 (-0.77 %)," ","308,700","3,975,426,000",0,0,13.00,13.0,13.10,12.80
10/03/2017,8.84,13.00,0.00 (0.00 %)," ","405,500","5,301,550,000",0,0,13.00,13.00,13.20,13.00
09/03/2017,8.84,13.00,0.10 (0.78 %)," ","460,369","5,960,907,000",0,0,12.90,12.9,13.10,12.90
08/03/2017,8.77,12.90,0.00 (0.00 %)," ","418,630","5,460,007,000",0,0,12.90,12.80,13.30,12.80
07/03/2017,8.77,12.90,-0.10 (-0.77 %)," ","518,920","6,702,029,400",0,0,13.00,13.1,13.20,12.80
06/03/2017,8.84,13.00,0.80 (6.56 %)," ","982,316","12,533,461,400",0,0,12.20,12.30,13.00,12.30
03/03/2017,8.30,12.20,0.10 (0.83 %)," ","571,100","6,918,232,400",0,0,12.10,12.1,12.20,12.00
02/03/2017,8.23,12.10,0.40 (3.42 %)," ","714,200","8,571,340,000",0,0,11.70,11.70,12.10,11.70
01/03/2017,7.96,11.70,0.00 (0.00 %)," ","357,400","4,156,460,000",0,0,11.70,11.6,11.70,11.50
28/02/2017,7.96,11.70,0.00 (0.00 %)," ","407,200","4,750,430,000",0,0,11.70,11.80,11.80,11.50
27/02/2017,7.96,11.70,-0.20 (-1.68 %)," ","394,066","4,628,276,200",0,0,11.90,11.8,11.80,11.70
24/02/2017,8.09,11.90,-0.10 (-0.83 %)," ","608,027","7,216,923,500",0,0,12.00,12.00,12.00,11.80
23/02/2017,8.16,12.00,0.20 (1.69 %)," ","638,230","7,559,791,000",0,0,11.80,11.8,12.00,11.60
22/02/2017,8.03,11.80,-0.20 (-1.67 %)," ","586,621","6,947,096,100",0,0,12.00,12.10,12.20,11.60
21/02/2017,8.16,12.00,0.70 (6.19 %)," ","1,826,496","21,894,029,400",0,0,11.30,11.3,12.40,11.30
20/02/2017,7.69,11.30,0.30 (2.73 %)," ","841,530","9,438,540,000",0,0,11.00,11.00,11.40,11.00
17/02/2017,7.48,11.00,0.20 (1.85 %)," ","500,500","5,416,320,000","18,000","199,800,000",10.80,10.8,11.00,10.70
16/02/2017,7.35,10.80,-0.30 (-2.70 %)," ","723,030","7,969,356,000",0,0,11.10,11.10,11.30,10.80
15/02/2017,7.55,11.10,0.10 (0.91 %)," ","616,310","6,771,111,000",0,0,11.00,10.9,11.10,10.90
13/02/2017,7.62,11.20,0.10 (0.90 %)," ","416,530","4,653,223,000",0,0,11.10,11.1,11.30,11.10
10/02/2017,7.55,11.10,0.00 (0.00 %)," ","401,900","4,466,100,000",0,0,11.10,11.20,11.30,11.00
09/02/2017,7.55,11.10,0.30 (2.78 %)," ","1,623,053","17,919,593,300",0,0,10.80,10.8,11.30,10.60
08/02/2017,7.35,10.80,0.10 (0.93 %)," ","286,100","3,049,570,000",0,0,10.70,10.70,10.80,10.60
07/02/2017,7.28,10.70,0.20 (1.90 %)," ","366,500","3,885,640,000",0,0,10.50,10.5,10.70,10.40
06/02/2017,7.14,10.50,-0.20 (-1.87 %)," ","554,600","5,865,210,000",0,0,10.70,10.70,10.70,10.40
03/02/2017,7.28,10.70,0.10 (0.94 %)," ","211,800","2,242,220,000",0,0,10.60,10.6,10.70,10.50
02/02/2017,7.21,10.60,0.20 (1.92 %)," ","94,800","990,350,000",0,0,10.40,10.50,10.60,10.40
25/01/2017,7.07,10.40,0.10 (0.97 %)," ","154,010","1,599,233,000",0,0,10.30,10.3,10.50,10.30
24/01/2017,7.01,10.30,-0.20 (-1.90 %)," ","190,800","1,980,860,000",0,0,10.50,10.40,10.50,10.30
23/01/2017,7.14,10.50,0.00 (0.00 %)," ","363,800","3,772,330,000",0,0,10.50,10.5,10.50,10.20
20/01/2017,7.14,10.50,0.10 (0.96 %)," ","229,000","2,385,140,000",0,0,10.40,10.40,10.50,10.40
19/01/2017,7.07,10.40,-0.20 (-1.89 %)," ","249,300","2,627,370,000",0,0,10.60,10.6,10.70,10.40
18/01/2017,7.21,10.60,-0.10 (-0.93 %)," ","93,230","990,255,000",0,0,10.70,10.70,10.70,10.60
17/01/2017,7.28,10.70,0.00 (0.00 %)," ","365,200","3,889,750,000",0,0,10.70,10.7,10.70,10.60
16/01/2017,7.28,10.70,-0.10 (-0.93 %)," ","299,300","3,211,290,000",0,0,10.80,10.80,10.80,10.70
13/01/2017,7.35,10.80,0.10 (0.93 %)," ","217,310","2,340,667,000",0,0,10.70,10.9,10.90,10.70
12/01/2017,7.28,10.70,0.20 (1.90 %)," ","382,800","4,112,180,000",0,0,10.50,10.60,10.90,10.60
11/01/2017,7.14,10.50,-0.10 (-0.94 %)," ","349,500","3,670,560,000",0,0,10.60,10.6,10.70,10.40
09/01/2017,7.28,10.70,0.10 (0.94 %)," ","135,010","1,436,786,000",0,0,10.60,10.6,10.80,10.50
06/01/2017,7.21,10.60,-0.30 (-2.75 %)," ","312,100","3,365,960,000",0,0,10.90,10.90,11.00,10.60
05/01/2017,7.41,10.90,0.10 (0.93 %)," ","203,400","2,208,620,000",0,0,10.80,10.7,11.00,10.70
04/01/2017,7.35,10.80,-0.10 (-0.92 %)," ","351,800","3,814,760,000",0,0,10.90,10.90,10.90,10.80
03/01/2017,7.41,10.90,0.30 (2.83 %)," ","330,810","3,530,046,000",0,0,10.60,10.6,10.90,10.60
30/12/2016,7.21,10.60,-0.30 (-2.75 %)," ","222,310","2,393,389,000",0,0,10.90,10.80,10.90,10.60
29/12/2016,7.41,10.90,-0.10 (-0.91 %)," ","371,820","4,079,654,000",0,0,11.00,11.0,11.10,10.80
28/12/2016,7.48,11.00,0.00 (0.00 %)," ","667,800","7,353,880,000",0,0,11.00,11.00,11.20,10.80
27/12/2016,7.48,11.00,-0.20 (-1.79 %)," ","306,610","3,376,591,000",0,0,11.20,11.2,11.30,10.90
26/12/2016,7.62,11.20,0.40 (3.70 %)," ","829,410","9,155,095,000",0,0,10.80,10.90,11.20,10.80
23/12/2016,7.35,10.80,0.10 (0.93 %)," ","432,700","4,620,390,000",0,0,10.70,10.6,10.90,10.50
22/12/2016,7.28,10.70,-0.10 (-0.93 %)," ","762,570","8,355,276,700",0,0,10.80,10.90,11.30,10.70
21/12/2016,7.35,10.80,0.90 (9.09 %)," ","1,623,950","17,094,080,000",0,0,9.90,9.9,10.80,9.90
20/12/2016,6.73,9.90,0.00 (0.00 %)," ","227,000","2,228,050,000",0,0,9.90,9.90,9.90,9.80
19/12/2016,6.73,9.90,0.00 (0.00 %)," ","119,602","1,180,849,800",0,0,9.90,9.8,9.90,9.80
16/12/2016,6.73,9.90,0.00 (0.00 %)," ","120,200","1,182,330,000",0,0,9.90,9.80,9.90,9.80
15/12/2016,6.73,9.90,0.00 (0.00 %)," ","59,400","587,730,000",0,0,9.90,9.9,10.00,9.80
14/12/2016,6.73,9.90,0.00 (0.00 %)," ","289,300","2,828,100,000",0,0,9.90,9.90,9.90,9.70
13/12/2016,6.73,9.90,0.00 (0.00 %)," ","404,710","3,994,859,000",0,0,9.90,9.3,10.10,9.10
09/12/2016,6.80,10.00,-0.20 (-1.96 %)," ","96,700","972,420,000",0,0,10.20,10.0,10.10,10.00
08/12/2016,6.94,10.20,0.20 (2.00 %)," ","131,720","1,331,442,000",0,0,10.00,10.00,10.20,10.00
07/12/2016,6.80,10.00,0.10 (1.01 %)," ","176,470","1,778,395,000",0,0,9.90,10.0,10.10,9.90
06/12/2016,6.73,9.90,-0.30 (-2.94 %)," ","126,100","1,269,120,000",0,0,10.20,10.20,10.20,9.90
05/12/2016,6.94,10.20,0.30 (3.03 %)," ","278,750","2,815,290,000",0,0,9.90,10.0,10.30,9.90
02/12/2016,6.73,9.90,-0.10 (-1.00 %)," ","212,870","2,129,380,000",0,0,10.00,10.10,10.10,9.90
01/12/2016,6.80,10.00,-0.10 (-0.99 %)," ","316,378","3,172,390,000",0,0,10.10,10.1,10.20,9.90
30/11/2016,6.87,10.10,0.00 (0.00 %)," ","230,603","2,335,950,000",0,0,10.10,10.20,10.20,10.00
29/11/2016,6.87,10.10,-0.20 (-1.94 %)," ","183,330","1,871,026,000",0,0,10.30,10.3,10.30,10.10
28/11/2016,7.01,10.30,0.20 (1.98 %)," ","341,228","3,504,033,200",0,0,10.10,10.30,10.50,10.10
25/11/2016,6.87,10.10,-0.20 (-1.94 %)," ","124,210","1,252,962,000",0,0,10.30,10.2,10.20,10.00
24/11/2016,7.01,10.30,0.00 (0.00 %)," ","240,430","2,482,609,000",56,"520,800",10.30,10.30,10.50,10.20
23/11/2016,7.01,10.30,-0.10 (-0.96 %)," ","149,700","1,552,460,000",0,0,10.40,10.4,10.50,10.30
22/11/2016,7.07,10.40,0.00 (0.00 %)," ","326,500","3,415,750,000",0,0,10.40,10.40,10.50,10.30
21/11/2016,7.07,10.40,0.20 (1.96 %)," ","379,080","3,890,605,000",0,0,10.20,10.1,10.40,10.00
18/11/2016,6.94,10.20,0.00 (0.00 %)," ","630,100","6,357,920,000",0,0,10.20,10.30,10.30,9.90
17/11/2016,6.94,10.20,-0.10 (-0.97 %)," ","406,900","4,162,410,000",0,0,10.30,10.3,10.30,10.10
16/11/2016,7.01,10.30,-0.10 (-0.96 %)," ","212,730","2,217,299,000",0,0,10.40,10.30,10.50,10.30
15/11/2016,7.07,10.40,0.10 (0.97 %)," ","266,500","2,767,570,000",0,0,10.30,10.3,10.50,10.30
11/11/2016,7.01,10.30,-0.10 (-0.96 %)," ","377,060","3,881,372,000",0,0,10.40,10.4,10.40,10.20
10/11/2016,7.07,10.40,0.40 (4.00 %)," ","676,703","6,978,911,200",0,0,10.00,10.00,10.50,10.00
09/11/2016,6.80,10.00,-0.30 (-2.91 %)," ","846,900","8,413,210,000",0,0,10.30,10.4,10.40,9.30
08/11/2016,7.01,10.30,0.50 (5.10 %)," ","891,510","9,010,292,000",0,0,9.80,10.00,10.30,9.90
07/11/2016,6.67,9.80,0.60 (6.52 %)," ","615,540","5,941,424,000",0,0,9.20,9.2,10.00,9.20
04/11/2016,6.26,9.20,-0.30 (-3.16 %)," ","448,350","4,196,970,000",0,0,9.50,9.50,9.50,9.20
03/11/2016,6.46,9.50,-0.30 (-3.06 %)," ","1,003,110","9,546,005,000",0,0,9.80,9.8,9.90,9.20
02/11/2016,6.67,9.80,-0.30 (-2.97 %)," ","805,900","7,878,440,000",0,0,10.10,10.10,10.10,9.60
01/11/2016,6.87,10.10,-0.20 (-1.94 %)," ","201,300","2,056,870,000",0,0,10.30,10.4,10.40,10.10
31/10/2016,7.01,10.30,0.10 (0.98 %)," ","201,200","2,058,130,000",0,0,10.20,10.30,10.40,10.10
28/10/2016,6.94,10.20,-0.10 (-0.97 %)," ","169,200","1,725,730,000",0,0,10.30,10.2,10.30,10.10
27/10/2016,7.01,10.30,0.00 (0.00 %)," ","151,440","1,543,208,000",0,0,10.30,10.20,10.30,10.10
26/10/2016,7.01,10.30,-0.20 (-1.90 %)," ","451,500","4,627,330,000",0,0,10.50,10.4,10.60,10.10
25/10/2016,7.14,10.50,0.10 (0.96 %)," ","345,600","3,648,740,000",0,0,10.40,10.40,10.80,10.40
24/10/2016,7.07,10.40,-0.10 (-0.95 %)," ","318,100","3,319,600,000",0,0,10.50,10.5,10.60,10.20
21/10/2016,7.14,10.50,-0.10 (-0.94 %)," ","190,620","2,003,702,000",0,0,10.60,10.60,10.60,10.40
20/10/2016,7.21,10.60,0.00 (0.00 %)," ","116,500","1,234,910,000",0,0,10.60,10.6,10.70,10.60
19/10/2016,7.21,10.60,-0.10 (-0.93 %)," ","226,400","2,412,820,000",0,0,10.70,10.70,10.80,10.50
18/10/2016,7.28,10.70,0.10 (0.94 %)," ","124,410","1,326,696,000",0,0,10.60,10.7,10.70,10.60
14/10/2016,7.21,10.60,0.00 (0.00 %)," ","162,510","1,739,757,000",0,0,10.60,10.7,10.90,10.60
13/10/2016,7.21,10.60,-0.10 (-0.93 %)," ","197,938","2,100,567,600",0,0,10.70,10.90,10.90,10.50
12/10/2016,7.28,10.70,-0.20 (-1.83 %)," ","137,600","1,472,220,000",0,0,10.90,10.9,10.90,10.60
11/10/2016,7.41,10.90,0.20 (1.87 %)," ","627,200","6,677,840,000",0,0,10.70,10.70,10.90,10.50
10/10/2016,7.28,10.70,-0.30 (-2.73 %)," ","311,570","3,367,883,000",0,0,11.00,10.9,11.00,10.60
07/10/2016,7.48,11.00,0.00 (0.00 %)," ","490,200","5,382,120,000",0,0,11.00,11.00,11.20,10.80
06/10/2016,7.48,11.00,-0.10 (-0.90 %)," ","427,200","4,736,980,000",0,0,11.10,11.1,11.20,11.00
05/10/2016,7.55,11.10,-0.20 (-1.77 %)," ","233,840","2,626,133,000",0,0,11.30,11.30,11.40,11.10
04/10/2016,7.69,11.30,-0.20 (-1.74 %)," ","801,030","9,084,271,000",0,0,11.50,11.5,11.60,11.20
03/10/2016,7.82,11.50,0.00 (0.00 %)," ","391,590","4,519,239,000",0,0,11.50,11.50,11.70,11.40
30/09/2016,7.82,11.50,-0.10 (-0.86 %)," ","344,200","3,969,740,000",0,0,11.60,11.5,11.70,11.40
29/09/2016,7.89,11.60,-0.20 (-1.69 %)," ","649,240","7,585,018,000",0,0,11.80,11.80,11.90,11.60
28/09/2016,8.03,11.80,0.20 (1.72 %)," ","711,050","8,354,494,000",0,0,11.60,11.7,11.90,11.60
27/09/2016,7.89,11.60,0.40 (3.57 %)," ","1,014,150","11,710,555,000",0,0,11.20,11.10,11.80,11.10
26/09/2016,7.62,11.20,0.10 (0.90 %)," ","289,847","3,241,461,700",0,0,11.10,11.0,11.30,11.00
23/09/2016,7.55,11.10,-0.10 (-0.89 %)," ","747,200","8,293,230,000",0,0,11.20,11.30,11.30,11.00
22/09/2016,7.62,11.20,-0.10 (-0.88 %)," ","355,750","3,998,490,000",0,0,11.30,11.3,11.40,11.20
21/09/2016,7.69,11.30,0.40 (3.67 %)," ","440,110","4,916,783,000","5,000","49,500,000",10.90,11.00,11.40,11.00
20/09/2016,7.41,10.90,0.10 (0.93 %)," ","1,008,800","10,772,890,000",0,0,10.80,10.8,10.90,10.50
16/09/2016,7.41,10.90,-0.10 (-0.91 %)," ","388,800","4,231,160,000",0,0,11.00,11.0,11.00,10.80
15/09/2016,7.48,11.00,-0.20 (-1.79 %)," ","349,800","3,915,250,000",0,0,11.20,11.00,11.40,11.00
14/09/2016,7.62,11.20,-0.30 (-2.61 %)," ","487,150","5,523,615,000",0,0,11.50,11.5,11.60,11.20
13/09/2016,7.82,11.50,0.00 (0.00 %)," ","367,220","4,221,030,000",0,0,11.50,11.50,11.60,11.40
12/09/2016,7.82,11.50,0.00 (0.00 %)," ","271,570","3,134,332,000",0,0,11.50,11.5,11.70,11.50
09/09/2016,7.82,11.50,0.00 (0.00 %)," ","811,123","9,448,232,500",0,0,11.50,11.50,12.00,11.50
08/09/2016,7.82,11.50,0.00 (0.00 %)," ","379,420","4,367,820,000",0,0,11.50,11.4,11.60,11.40
07/09/2016,7.82,11.50,-0.10 (-0.86 %)," ","758,698","8,707,621,000",0,0,11.60,11.50,11.60,11.40
06/09/2016,7.89,11.60,-0.10 (-0.85 %)," ","594,950","6,916,227,300",0,0,11.70,11.7,11.70,11.60
05/09/2016,7.96,11.70,0.10 (0.86 %)," ","506,300","5,924,140,000",0,0,11.60,11.80,12.00,11.60
01/09/2016,7.89,11.60,-0.20 (-1.69 %)," ","712,300","8,281,010,000",0,0,11.80,11.8,11.80,11.60
31/08/2016,8.03,11.80,-0.10 (-0.84 %)," ","1,214,667","14,319,324,600",0,0,11.90,11.90,12.00,11.70
30/08/2016,8.09,11.90,0.00 (0.00 %)," ","537,604","6,396,247,700",60,"648,000",11.90,11.9,12.00,11.80
29/08/2016,8.09,11.90,-0.30 (-2.46 %)," ","599,460","7,226,872,000",0,0,12.20,12.20,12.30,11.90
26/08/2016,8.30,12.20,0.10 (0.83 %)," ","1,535,345","18,707,302,500",0,0,12.10,12.1,12.40,12.00
25/08/2016,8.23,12.10,0.10 (0.83 %)," ","1,441,052","17,293,229,800",0,0,12.00,11.90,12.10,11.90
24/08/2016,8.16,12.00,0.10 (0.84 %)," ","1,154,930","13,757,137,000",0,0,11.90,11.9,12.10,11.70
23/08/2016,8.09,11.90,0.40 (3.48 %)," ","1,283,600","14,936,720,000",0,0,11.50,11.50,12.00,11.30
22/08/2016,7.82,11.50,-0.30 (-2.54 %)," ","914,200","10,628,780,000",0,0,11.80,11.8,11.80,11.50
18/08/2016,8.30,12.20,0.00 (0.00 %)," ","717,903","8,790,934,300",0,0,12.20,12.2,12.40,12.10
17/08/2016,8.30,12.20,0.10 (0.83 %)," ","728,310","8,838,752,000",0,0,12.10,12.10,12.30,12.00
16/08/2016,8.23,12.10,-0.20 (-1.63 %)," ","1,063,380","12,974,398,000",0,0,12.30,12.4,12.40,12.10
15/08/2016,8.37,12.30,0.20 (1.65 %)," ","619,500","7,528,540,000",0,0,12.10,12.10,12.30,12.10
12/08/2016,8.23,12.10,-0.30 (-2.42 %)," ","626,497","7,683,986,800",0,0,12.40,12.5,12.60,12.10
11/08/2016,8.43,12.40,0.50 (4.20 %)," ","1,812,300","22,165,540,000",0,0,11.90,11.90,12.40,11.90
10/08/2016,8.09,11.90,0.20 (1.71 %)," ","927,400","10,999,460,000",0,0,11.70,11.7,12.00,11.70
09/08/2016,7.96,11.70,0.00 (0.00 %)," ","402,900","4,698,360,000",0,0,11.70,11.70,11.80,11.50
08/08/2016,7.96,11.70,-0.10 (-0.85 %)," ","291,147","3,400,501,900",0,0,11.80,11.8,11.90,11.60
05/08/2016,8.03,11.80,0.10 (0.85 %)," ","450,800","5,207,840,000",0,0,11.70,11.60,11.80,11.40
04/08/2016,7.96,11.70,0.30 (2.63 %)," ","491,120","5,790,308,000",0,0,11.40,11.6,12.00,11.40
03/08/2016,7.75,11.40,-0.10 (-0.87 %)," ","377,400","4,337,420,000",0,0,11.50,11.10,11.60,10.60
02/08/2016,7.82,11.50,-0.10 (-0.86 %)," ","732,050","8,323,309,000",0,0,11.60,11.5,11.60,11.20
01/08/2016,7.89,11.60,-0.30 (-2.52 %)," ","817,550","9,559,338,000","100,025","1,200,270,000",11.90,12.00,12.00,11.60
29/07/2016,8.09,11.90,-0.30 (-2.46 %)," ","1,052,830","12,524,076,000",0,0,12.20,12.2,12.20,11.80
28/07/2016,8.30,12.20,0.20 (1.67 %)," ","446,000","5,414,300,000",0,0,12.00,12.10,12.30,12.00
27/07/2016,8.16,12.00,0.10 (0.84 %)," ","611,400","7,308,140,000",0,0,11.90,11.5,12.10,11.50
26/07/2016,8.09,11.90,-0.70 (-5.56 %)," ","1,979,260","23,526,769,300","75,000","975,000,000",12.60,12.60,12.60,11.50
25/07/2016,8.57,12.60,0.00 (0.00 %)," ","681,700","8,531,210,000",0,0,12.60,12.6,12.70,12.40
21/07/2016,8.77,12.90,0.10 (0.78 %)," ","1,465,553","19,248,859,600",0,0,12.80,12.8,13.40,12.70
20/07/2016,8.71,12.80,-0.60 (-4.48 %)," ","1,700,000","22,192,240,000",0,0,13.40,13.40,13.50,12.60
19/07/2016,9.11,13.40,-0.50 (-3.60 %)," ","2,696,517","37,141,236,600",20,"252,000",13.90,13.9,14.30,13.00
18/07/2016,9.45,13.90,0.80 (6.11 %)," ","2,357,510","32,190,899,000",0,0,13.10,13.10,14.10,13.10
15/07/2016,8.91,13.10,0.50 (3.97 %)," ","1,379,228","17,723,924,000","35,000","437,500,000",12.60,12.6,13.30,12.50
14/07/2016,8.57,12.60,-0.40 (-3.08 %)," ","1,735,025","22,622,412,000","50,000","625,000,000",13.00,13.10,13.50,12.60
13/07/2016,8.84,13.00,1.10 (9.24 %)," ","3,545,760","45,595,127,000","50,000","600,000,000",11.90,12.0,13.00,12.00
12/07/2016,8.09,11.90,0.20 (1.71 %)," ","1,406,600","16,613,480,000",0,0,11.70,11.90,12.10,11.60
11/07/2016,7.96,11.70,-1.00 (-7.87 %)," ","997,218","12,283,820,800",0,0,12.70,12.8,12.90,11.70
08/07/2016,8.64,12.70,0.20 (1.60 %)," ","1,667,713","21,152,303,700",0,0,12.50,12.80,13.00,12.40
07/07/2016,8.50,12.50,0.80 (6.84 %)," ","3,091,347","37,793,855,600",0,0,11.70,11.8,12.70,11.80
06/07/2016,7.96,11.70,-0.20 (-1.68 %)," ","918,041","10,773,203,800",0,0,11.90,12.00,12.00,11.50
05/07/2016,8.09,11.90,0.20 (1.71 %)," ","1,072,970","12,888,850,000",0,0,11.70,11.9,12.30,11.70
04/07/2016,7.96,11.70,0.00 (0.00 %)," ","1,471,130","17,557,958,000",0,0,11.70,11.80,12.20,11.70
01/07/2016,7.96,11.70,0.10 (0.86 %)," ","525,420","6,144,374,000",0,0,11.60,11.7,11.90,11.60
30/06/2016,7.89,11.60,-0.30 (-2.52 %)," ","630,821","7,410,669,900",0,0,11.90,12.00,12.00,11.60
29/06/2016,8.09,11.90,0.60 (5.31 %)," ","1,168,040","13,593,156,000",0,0,11.30,11.3,12.00,11.30
28/06/2016,7.69,11.30,0.60 (5.61 %)," ","1,088,210","12,087,182,000",0,0,10.70,10.80,11.30,10.80
27/06/2016,7.28,10.70,0.00 (0.00 %)," ","753,793","8,024,868,500",0,0,10.70,10.7,11.00,10.30
21/07/2016,8.77,12.90,0.10 (0.78 %)," ","1,465,553","19,248,859,600",0,0,12.80,12.8,13.40,12.70
20/07/2016,8.71,12.80,-0.60 (-4.48 %)," ","1,700,000","22,192,240,000",0,0,13.40,13.40,13.50,12.60
19/07/2016,9.11,13.40,-0.50 (-3.60 %)," ","2,696,517","37,141,236,600",20,"252,000",13.90,13.9,14.30,13.00
18/07/2016,9.45,13.90,0.80 (6.11 %)," ","2,357,510","32,190,899,000",0,0,13.10,13.10,14.10,13.10
15/07/2016,8.91,13.10,0.50 (3.97 %)," ","1,379,228","17,723,924,000","35,000","437,500,000",12.60,12.6,13.30,12.50
14/07/2016,8.57,12.60,-0.40 (-3.08 %)," ","1,735,025","22,622,412,000","50,000","625,000,000",13.00,13.10,13.50,12.60
13/07/2016,8.84,13.00,1.10 (9.24 %)," ","3,545,760","45,595,127,000","50,000","600,000,000",11.90,12.0,13.00,12.00
12/07/2016,8.09,11.90,0.20 (1.71 %)," ","1,406,600","16,613,480,000",0,0,11.70,11.90,12.10,11.60
11/07/2016,7.96,11.70,-1.00 (-7.87 %)," ","997,218","12,283,820,800",0,0,12.70,12.8,12.90,11.70
08/07/2016,8.64,12.70,0.20 (1.60 %)," ","1,667,713","21,152,303,700",0,0,12.50,12.80,13.00,12.40
07/07/2016,8.50,12.50,0.80 (6.84 %)," ","3,091,347","37,793,855,600",0,0,11.70,11.8,12.70,11.80
06/07/2016,7.96,11.70,-0.20 (-1.68 %)," ","918,041","10,773,203,800",0,0,11.90,12.00,12.00,11.50
05/07/2016,8.09,11.90,0.20 (1.71 %)," ","1,072,970","12,888,850,000",0,0,11.70,11.9,12.30,11.70
04/07/2016,7.96,11.70,0.00 (0.00 %)," ","1,471,130","17,557,958,000",0,0,11.70,11.80,12.20,11.70
01/07/2016,7.96,11.70,0.10 (0.86 %)," ","525,420","6,144,374,000",0,0,11.60,11.7,11.90,11.60
30/06/2016,7.89,11.60,-0.30 (-2.52 %)," ","630,821","7,410,669,900",0,0,11.90,12.00,12.00,11.60
29/06/2016,8.09,11.90,0.60 (5.31 %)," ","1,168,040","13,593,156,000",0,0,11.30,11.3,12.00,11.30
28/06/2016,7.69,11.30,0.60 (5.61 %)," ","1,088,210","12,087,182,000",0,0,10.70,10.80,11.30,10.80
27/06/2016,7.28,10.70,0.00 (0.00 %)," ","753,793","8,024,868,500",0,0,10.70,10.7,11.00,10.30
23/06/2016,8.03,11.80,0.10 (0.85 %)," ","644,610","7,680,550,200",0,0,11.70,11.7,12.20,11.70
22/06/2016,7.96,11.70,0.00 (0.00 %)," ","511,011","5,946,418,700",0,0,11.70,11.70,11.80,11.40
21/06/2016,7.96,11.70,0.30 (2.63 %)," ","958,950","11,398,226,600","5,000","55,000,000",11.40,11.5,12.10,11.50
20/06/2016,7.75,11.40,0.10 (0.88 %)," ","749,160","8,443,573,000",0,0,11.30,11.10,11.40,11.10
17/06/2016,7.69,11.30,-0.40 (-3.42 %)," ","1,396,676","15,781,340,000",0,0,11.70,12.5,12.50,11.00
16/06/2016,7.97,12.70,-0.10 (-0.78 %)," ","900,955","11,596,872,500",0,0,12.80,12.80,13.10,12.70
15/06/2016,8.03,12.80,-0.50 (-3.76 %)," ","1,101,200","14,264,220,000",0,0,13.30,13.5,13.60,12.80
14/06/2016,8.34,13.30,0.10 (0.76 %)," ","784,077","10,278,203,400",0,0,13.20,13.20,13.40,12.90
13/06/2016,8.28,13.20,0.70 (5.60 %)," ","1,606,665","20,806,586,800",0,0,12.50,12.6,13.20,12.50
10/06/2016,7.84,12.50,0.40 (3.31 %)," ","1,194,718","14,739,471,600",0,0,12.10,12.10,12.80,12.00
09/06/2016,7.59,12.10,0.00 (0.00 %)," ","584,620","7,092,404,000","5,010","55,109,000",12.10,12.2,12.20,12.00
08/06/2016,7.59,12.10,0.30 (2.54 %)," ","862,150","10,459,140,000","5,000","55,000,000",11.80,11.80,12.30,11.80
07/06/2016,7.40,11.80,0.10 (0.85 %)," ","513,845","6,027,938,500","5,000","53,500,000",11.70,11.8,11.80,11.60
06/06/2016,7.34,11.70,0.00 (0.00 %)," ","997,460","11,894,320,800",0,0,11.70,12.00,12.30,11.70
03/06/2016,7.34,11.70,0.00 (0.00 %)," ","539,190","6,299,694,000",0,0,11.70,11.8,11.80,11.50
02/06/2016,7.34,11.70,0.30 (2.63 %)," ","1,084,255","12,564,953,000",0,0,11.40,11.30,11.80,11.30
01/06/2016,7.15,11.40,0.10 (0.88 %)," ","564,800","6,403,180,000",20,"204,000",11.30,11.3,11.60,11.20
31/05/2016,7.09,11.30,0.20 (1.80 %)," ","771,400","8,672,030,000",0,0,11.10,11.00,11.40,11.00
30/05/2016,6.96,11.10,0.50 (4.72 %)," ","1,093,624","11,981,550,200",0,0,10.60,10.6,11.10,10.60
26/05/2016,6.71,10.70,0.20 (1.90 %)," ","541,500","5,694,830,000",0,0,10.50,10.6,10.70,10.40
25/05/2016,6.59,10.50,-0.30 (-2.78 %)," ","286,505","3,067,083,500",0,0,10.80,10.90,11.00,10.50
24/05/2016,6.78,10.80,0.60 (5.88 %)," ","962,020","10,294,326,000","20,000","210,000,000",10.20,10.2,11.00,10.20
23/05/2016,6.40,10.20,-0.20 (-1.92 %)," ","427,200","4,391,800,000",0,0,10.40,10.40,10.50,10.20
20/05/2016,6.52,10.40,-0.10 (-0.95 %)," ","180,342","1,888,403,600",0,0,10.50,10.6,10.60,10.30
19/05/2016,6.59,10.50,0.30 (2.94 %)," ","488,578","5,066,680,200",0,0,10.20,10.20,10.50,10.20
18/05/2016,6.40,10.20,-0.40 (-3.77 %)," ","387,677","4,003,218,100","15,000","160,500,000",10.60,10.5,10.70,10.20
17/05/2016,6.65,10.60,0.20 (1.92 %)," ","493,170","5,195,390,000",0,0,10.40,10.40,10.70,10.40
16/05/2016,6.52,10.40,0.00 (0.00 %)," ","533,228","5,563,154,000",30,"282,000",10.40,10.4,10.60,10.30
13/05/2016,6.52,10.40,-0.60 (-5.45 %)," ","1,671,920","17,505,787,000",0,0,11.00,11.00,11.00,10.00
12/05/2016,6.90,11.00,-0.30 (-2.65 %)," ","600,630","6,693,233,000",0,0,11.30,11.2,11.30,11.00
11/05/2016,7.09,11.30,0.10 (0.89 %)," ","893,781","9,984,921,300",0,0,11.20,11.30,11.50,10.80
10/05/2016,7.03,11.20,-0.20 (-1.75 %)," ","473,000","5,370,550,000","16,000","188,800,000",11.40,11.4,11.50,11.20
09/05/2016,7.15,11.40,0.20 (1.79 %)," ","971,478","11,222,352,000","5,000","60,000,000",11.20,11.20,11.90,11.20
06/05/2016,7.03,11.20,-0.20 (-1.75 %)," ","704,270","7,926,329,000",0,0,11.40,11.3,11.50,11.10
05/05/2016,7.15,11.40,-0.60 (-5.00 %)," ","1,521,130","17,741,368,000",0,0,12.00,12.00,12.20,11.10
04/05/2016,7.53,12.00,0.10 (0.84 %)," ","1,807,408","21,683,394,400","40,000","452,000,000",11.90,12.0,12.40,11.50
29/04/2016,7.47,11.90,0.60 (5.31 %)," ","903,200","10,516,990,000",0,0,11.30,11.40,12.00,11.20
28/04/2016,7.09,11.30,0.20 (1.80 %)," ","1,007,369","11,356,300,600",0,0,11.10,10.9,11.60,10.70
26/04/2016,7.72,12.30,0.10 (0.82 %)," ","957,210","11,646,262,000",0,0,12.20,12.3,12.40,12.00
25/04/2016,7.65,12.20,0.10 (0.83 %)," ","1,257,058","15,534,815,000","50,000","565,000,000",12.10,12.30,12.70,12.00
22/04/2016,7.59,12.10,0.80 (7.08 %)," ","1,296,970","15,270,554,000","25,000","261,000,000",11.30,11.4,12.10,11.30
21/04/2016,7.09,11.30,0.50 (4.63 %)," ","1,508,630","16,614,568,000","90,000","945,000,000",10.80,10.90,11.30,10.50
20/04/2016,6.78,10.80,0.60 (5.88 %)," ","1,421,748","15,137,078,800","20,000","212,000,000",10.20,10.3,10.90,10.30
19/04/2016,6.40,10.20,0.10 (0.99 %)," ","732,560","7,407,582,000","20,000","192,000,000",10.10,10.10,10.30,9.90
15/04/2016,6.34,10.10,-0.20 (-1.94 %)," ","1,157,330","11,965,645,000",0,0,10.30,10.5,10.50,10.10
14/04/2016,6.46,10.30,0.50 (5.10 %)," ","852,400","8,615,790,000",0,0,9.80,9.00,10.30,9.00
13/04/2016,6.15,9.80,0.00 (0.00 %)," ","1,613,968","15,664,571,000",0,0,9.80,9.8,10.00,9.50
12/04/2016,6.15,9.80,-0.60 (-5.77 %)," ","2,035,530","20,509,994,000",0,0,10.40,10.40,10.40,9.80
11/04/2016,6.52,10.40,-0.10 (-0.95 %)," ","969,220","10,222,201,000",0,0,10.50,10.5,10.80,10.40
08/04/2016,6.59,10.50,0.50 (5.00 %)," ","1,623,690","17,040,318,000",0,0,10.00,10.20,10.90,10.10
07/04/2016,6.27,10.00,0.00 (0.00 %)," ","958,110","9,651,540,000",0,0,10.00,10.1,10.30,10.00
06/04/2016,6.27,10.00,0.20 (2.04 %)," ","898,900","9,074,500,000",0,0,9.80,10.00,10.30,9.90
05/04/2016,6.15,9.80,0.80 (8.89 %)," ","1,206,100","11,330,980,000",0,0,9.00,9.0,9.80,9.00
04/04/2016,5.65,9.00,0.30 (3.45 %)," ","743,100","6,678,450,000",0,0,8.70,8.80,9.30,8.70
01/04/2016,5.46,8.70,-0.10 (-1.14 %)," ","620,700","5,397,810,000",0,0,8.80,8.8,8.80,8.60
31/03/2016,5.52,8.80,-0.10 (-1.12 %)," ","1,325,500","11,929,530,000",0,0,8.90,8.90,9.20,8.60
30/03/2016,5.58,8.90,0.60 (7.23 %)," ","824,600","7,041,390,000",0,0,8.30,8.3,8.90,8.20
28/03/2016,5.14,8.20,0.70 (9.33 %)," ","834,900","6,822,430,000",0,0,7.50,8.0,8.20,7.80
25/03/2016,4.71,7.50,0.20 (2.74 %)," ","954,100","7,217,930,000",0,0,7.30,7.30,7.80,7.30
24/03/2016,4.58,7.30,0.00 (0.00 %)," ","588,000","4,262,160,000",0,0,7.30,7.3,7.40,7.20
23/03/2016,4.58,7.30,-0.10 (-1.35 %)," ","499,600","3,681,640,000",0,0,7.40,7.40,7.50,7.30
22/03/2016,4.64,7.40,0.20 (2.78 %)," ","465,300","3,400,830,000",0,0,7.20,7.2,7.40,7.20
21/03/2016,4.52,7.20,0.00 (0.00 %)," ","527,500","3,754,830,000",0,0,7.20,7.20,7.30,7.10
18/03/2016,4.52,7.20,-0.20 (-2.70 %)," ","235,700","1,704,980,000",0,0,7.40,7.3,7.30,7.20
17/03/2016,4.64,7.40,0.00 (0.00 %)," ","461,300","3,391,650,000",0,0,7.40,7.30,7.50,7.30
16/03/2016,4.64,7.40,0.30 (4.23 %)," ","621,100","4,534,540,000",0,0,7.10,7.1,7.50,7.10
15/03/2016,4.45,7.10,0.10 (1.43 %)," ","606,800","4,227,780,000",0,0,7.00,7.00,7.10,6.90
14/03/2016,4.39,7.00,0.20 (2.94 %)," ","314,400","2,158,550,000",0,0,6.80,6.8,7.00,6.80
11/03/2016,4.27,6.80,-0.20 (-2.86 %)," ","524,100","3,650,840,000",0,0,7.00,7.10,7.20,6.80
10/03/2016,4.39,7.00,0.00 (0.00 %)," ","633,500","4,510,000,000",0,0,7.00,7.0,7.30,6.90
09/03/2016,4.39,7.00,0.00 (0.00 %)," ","527,200","3,697,400,000",0,0,7.00,6.90,7.20,6.90
08/03/2016,4.39,7.00,0.50 (7.69 %)," ","975,300","6,656,090,000",0,0,6.50,6.6,7.10,6.50
07/03/2016,4.08,6.50,0.00 (0.00 %)," ","313,300","2,058,760,000",0,0,6.50,6.50,6.70,6.50
04/03/2016,4.08,6.50,-0.10 (-1.52 %)," ","94,100","613,350,000",0,0,6.60,6.5,6.60,6.50
03/03/2016,4.14,6.60,0.00 (0.00 %)," ","279,100","1,830,490,000",0,0,6.60,6.60,6.60,6.50
02/03/2016,4.14,6.60,0.10 (1.54 %)," ","365,200","2,377,830,000",0,0,6.50,6.5,6.70,6.40
29/02/2016,4.02,6.40,-0.10 (-1.54 %)," ","446,400","2,893,760,000",0,0,6.50,6.5,6.60,6.40
26/02/2016,4.08,6.50,0.50 (8.33 %)," ","441,300","2,803,210,000",0,0,6.00,6.00,6.50,6.00
25/02/2016,3.76,6.00,-0.10 (-1.64 %)," ","245,800","1,497,630,000",0,0,6.10,6.2,6.20,6.00
24/02/2016,3.83,6.10,-0.10 (-1.61 %)," ","178,200","1,094,600,000",0,0,6.20,6.20,6.20,6.10
23/02/2016,3.89,6.20,-0.10 (-1.59 %)," ","282,702","1,778,332,600",0,0,6.30,6.4,6.40,6.20
22/02/2016,3.95,6.30,0.10 (1.61 %)," ","208,100","1,299,050,000",0,0,6.20,6.30,6.30,6.20
19/02/2016,3.89,6.20,-0.10 (-1.59 %)," ","269,300","1,663,230,000",0,0,6.30,6.3,6.30,6.10
18/02/2016,3.95,6.30,0.00 (0.00 %)," ","532,800","3,330,020,000",0,0,6.30,6.30,6.40,6.20
17/02/2016,3.95,6.30,0.50 (8.62 %)," ","611,400","3,773,450,000",0,0,5.80,5.9,6.30,5.90
16/02/2016,3.64,5.80,0.00 (0.00 %)," ","236,500","1,371,890,000",0,0,5.80,5.70,5.90,5.70
15/02/2016,3.64,5.80,0.00 (0.00 %)," ","85,502","495,911,600",0,0,5.80,5.8,5.80,5.80
05/02/2016,3.64,5.80,0.10 (1.75 %)," ","32,700","186,560,000",0,0,5.70,5.70,5.80,5.60
04/02/2016,3.58,5.70,0.00 (0.00 %)," ","61,200","352,330,000",0,0,5.70,5.8,5.80,5.70
03/02/2016,3.58,5.70,-0.10 (-1.72 %)," ","45,900","261,640,000",0,0,5.80,5.70,5.80,5.70
02/02/2016,3.64,5.80,-0.10 (-1.69 %)," ","77,200","450,760,000",0,0,5.90,5.9,5.90,5.80
01/02/2016,3.70,5.90,0.20 (3.51 %)," ","427,000","2,519,750,000",10,"52,000",5.70,5.80,6.00,5.70
29/01/2016,3.58,5.70,-0.10 (-1.72 %)," ","134,800","762,140,000",0,0,5.80,5.7,5.70,5.60
28/01/2016,3.64,5.80,0.00 (0.00 %)," ","88,300","503,360,000",0,0,5.80,5.70,5.80,5.70
27/01/2016,3.64,5.80,0.10 (1.75 %)," ","85,810","489,205,000",0,0,5.70,5.7,5.80,5.70
25/01/2016,3.64,5.80,0.20 (3.57 %)," ","314,300","1,818,480,000",0,0,5.60,5.6,5.80,5.60
22/01/2016,3.51,5.60,0.30 (5.66 %)," ","219,100","1,191,060,000",0,0,5.30,5.30,5.60,5.20
21/01/2016,3.33,5.30,-0.10 (-1.85 %)," ","287,800","1,545,610,000",0,0,5.40,5.4,5.40,5.20
20/01/2016,3.39,5.40,0.00 (0.00 %)," ","118,200","638,290,000",0,0,5.40,5.40,5.50,5.40
19/01/2016,3.39,5.40,0.00 (0.00 %)," ","63,900","345,020,000",0,0,5.40,5.4,5.50,5.30
18/01/2016,3.39,5.40,-0.30 (-5.26 %)," ","356,900","1,912,640,000",30,"156,000",5.70,5.50,5.60,5.20
15/01/2016,3.58,5.70,0.10 (1.79 %)," ","350,606","1,987,073,000","290,000","1,624,000,000",5.60,5.6,5.80,5.60
14/01/2016,3.51,5.60,-0.10 (-1.75 %)," ","267,310","1,501,486,000",0,0,5.70,5.70,5.70,5.60
13/01/2016,3.58,5.70,-0.10 (-1.72 %)," ","221,400","1,276,670,000",0,0,5.80,5.8,5.80,5.70
12/01/2016,3.64,5.80,0.10 (1.75 %)," ","223,300","1,272,900,000",0,0,5.70,5.60,5.80,5.60
11/01/2016,3.58,5.70,0.10 (1.79 %)," ","119,800","671,400,000",0,0,5.60,5.6,5.70,5.60
08/01/2016,3.51,5.60,0.00 (0.00 %)," ","339,100","1,897,680,000",0,0,5.60,5.60,5.70,5.50
07/01/2016,3.51,5.60,0.10 (1.82 %)," ","530,000","2,923,250,000",0,0,5.50,5.5,5.70,5.40
06/01/2016,3.45,5.50,0.10 (1.85 %)," ","468,928","2,600,036,800",0,0,5.40,5.50,5.60,5.40
05/01/2016,3.39,5.40,-0.10 (-1.82 %)," ","92,400","504,430,000",0,0,5.50,5.5,5.50,5.40
04/01/2016,3.45,5.50,0.20 (3.77 %)," ","327,800","1,817,790,000",0,0,5.30,5.50,5.60,5.50
31/12/2015,3.33,5.30,-0.10 (-1.85 %)," ","100,100","539,430,000",0,0,5.40,5.5,5.50,5.30
30/12/2015,3.39,5.40,0.00 (0.00 %)," ","62,800","339,230,000",0,0,5.40,5.50,5.50,5.40
29/12/2015,3.39,5.40,-0.10 (-1.82 %)," ","70,600","383,620,000",0,0,5.50,5.4,5.50,5.40
25/12/2015,3.45,5.50,0.00 (0.00 %)," ","64,700","355,970,000",0,0,5.50,5.5,5.60,5.50
24/12/2015,3.45,5.50,0.20 (3.77 %)," ","214,000","1,177,960,000",0,0,5.30,5.30,5.60,5.30
23/12/2015,3.33,5.30,0.00 (0.00 %)," ","46,300","244,780,000",0,0,5.30,5.3,5.40,5.20
22/12/2015,3.33,5.30,0.00 (0.00 %)," ","70,200","372,110,000",0,0,5.30,5.40,5.40,5.30
21/12/2015,3.33,5.30,0.10 (1.92 %)," ","43,600","231,080,000",0,0,5.20,5.3,5.30,5.30
18/12/2015,3.26,5.20,-0.10 (-1.89 %)," ","95,700","506,700,000",0,0,5.30,5.30,5.30,5.20
17/12/2015,3.33,5.30,-0.10 (-1.85 %)," ","67,650","362,370,000",0,0,5.40,5.4,5.40,5.30
16/12/2015,3.39,5.40,-0.10 (-1.82 %)," ","83,200","449,980,000",0,0,5.50,5.40,5.50,5.40
15/12/2015,3.45,5.50,0.10 (1.85 %)," ","64,500","346,390,000",0,0,5.40,5.3,5.50,5.30
14/12/2015,3.39,5.40,0.00 (0.00 %)," ","111,600","593,850,000",0,0,5.40,5.40,5.40,5.30
11/12/2015,3.39,5.40,0.00 (0.00 %)," ","89,200","480,520,000",0,0,5.40,5.5,5.50,5.30
10/12/2015,3.39,5.40,-0.10 (-1.82 %)," ","101,500","550,150,000",0,0,5.50,5.30,5.50,5.30
09/12/2015,3.45,5.50,0.00 (0.00 %)," ","79,600","437,820,000",0,0,5.50,5.5,5.60,5.50
08/12/2015,3.45,5.50,0.00 (0.00 %)," ","161,600","882,190,000",0,0,5.50,5.40,5.60,5.40
07/12/2015,3.45,5.50,0.00 (0.00 %)," ","66,000","363,000,000",0,0,5.50,5.5,5.50,5.50
04/12/2015,3.45,5.50,-0.10 (-1.79 %)," ","86,000","470,180,000",0,0,5.60,5.50,5.50,5.40
03/12/2015,3.51,5.60,0.00 (0.00 %)," ","71,500","395,200,000",0,0,5.60,5.6,5.70,5.50
02/12/2015,3.51,5.60,0.10 (1.82 %)," ","72,800","406,780,000",0,0,5.50,5.60,5.60,5.50
01/12/2015,3.45,5.50,-0.10 (-1.79 %)," ","94,100","527,860,000",0,0,5.60,5.6,5.70,5.50
27/11/2015,3.64,5.80,0.00 (0.00 %)," ","259,900","1,507,430,000",0,0,5.80,5.8,5.90,5.80
26/11/2015,3.64,5.80,0.00 (0.00 %)," ","248,700","1,435,930,000",0,0,5.80,5.70,5.90,5.70
25/11/2015,3.64,5.80,-0.10 (-1.69 %)," ","229,600","1,331,610,000",0,0,5.90,5.9,5.90,5.70
24/11/2015,3.70,5.90,0.00 (0.00 %)," ","161,910","942,247,000",0,0,5.90,6.00,6.00,5.80
23/11/2015,3.70,5.90,0.20 (3.51 %)," ","524,045","3,105,172,000",0,0,5.70,5.8,6.10,5.70
20/11/2015,3.58,5.70,0.00 (0.00 %)," ","306,500","1,759,080,000",0,0,5.70,5.70,5.90,5.70
19/11/2015,3.58,5.70,-0.10 (-1.72 %)," ","184,300","1,054,530,000",0,0,5.80,5.9,5.90,5.70
18/11/2015,3.64,5.80,0.00 (0.00 %)," ","364,550","2,129,490,000",0,0,5.80,5.80,6.00,5.80
17/11/2015,3.64,5.80,0.00 (0.00 %)," ","409,915","2,395,558,500",0,0,5.80,5.9,6.00,5.80
16/11/2015,3.64,5.80,0.00 (0.00 %)," ","299,100","1,752,450,000",0,0,5.80,5.90,6.00,5.80
13/11/2015,3.64,5.80,0.00 (0.00 %)," ","353,110","2,039,959,000",0,0,5.80,5.8,5.90,5.70
12/11/2015,3.64,5.80,0.00 (0.00 %)," ","419,310","2,387,376,000",0,0,5.80,5.70,5.80,5.60
11/11/2015,3.64,5.80,-0.10 (-1.69 %)," ","290,200","1,679,100,000",0,0,5.90,5.9,5.90,5.70
10/11/2015,3.70,5.90,-0.10 (-1.67 %)," ","227,400","1,342,020,000",0,0,6.00,6.00,6.00,5.90
09/11/2015,3.76,6.00,-0.10 (-1.64 %)," ","304,400","1,817,750,000",0,0,6.10,6.1,6.10,5.90
06/11/2015,3.83,6.10,0.40 (7.02 %)," ","1,154,500","6,944,150,000",0,0,5.70,5.80,6.20,5.80
05/11/2015,3.58,5.70,0.30 (5.56 %)," ","655,715","3,671,023,000",0,0,5.40,5.4,5.70,5.40
04/11/2015,3.39,5.40,0.00 (0.00 %)," ","308,840","1,686,436,000",0,0,5.40,5.50,5.60,5.30
03/11/2015,3.39,5.40,0.10 (1.89 %)," ","200,300","1,058,200,000",0,0,5.30,5.3,5.40,5.20
30/10/2015,3.45,5.50,-0.20 (-3.51 %)," ","201,800","1,095,330,000",0,0,5.70,5.7,5.70,5.30
29/10/2015,3.58,5.70,0.10 (1.79 %)," ","429,700","2,459,328,000",0,0,5.60,5.90,6.00,5.60
28/10/2015,3.51,5.60,0.50 (9.80 %)," ","1,024,400","5,586,780,000",0,0,5.10,5.1,5.60,5.10
27/10/2015,3.20,5.10,0.00 (0.00 %)," ","13,210","67,268,000",0,0,5.10,5.10,5.10,5.00
26/10/2015,3.20,5.10,0.00 (0.00 %)," ","185,900","948,090,000",0,0,5.10,5.1,5.10,5.10
23/10/2015,3.20,5.10,0.00 (0.00 %)," ","99,600","507,960,000",0,0,5.10,5.10,5.10,5.10
22/10/2015,3.20,5.10,0.10 (2.00 %)," ","104,600","521,140,000","2,964,300","14,821,500,000",5.00,4.9,5.10,4.90
21/10/2015,3.14,5.00,0.00 (0.00 %)," ","59,400","297,150,000",0,0,5.00,5.10,5.10,5.00
20/10/2015,3.14,5.00,0.00 (0.00 %)," ","67,900","339,510,000",0,0,5.00,5.0,5.10,5.00
19/10/2015,3.14,5.00,-0.10 (-1.96 %)," ","21,800","109,370,000",0,0,5.10,5.10,5.10,5.00
16/10/2015,3.20,5.10,0.00 (0.00 %)," ","83,900","427,890,000",0,0,5.10,5.1,5.10,5.10
15/10/2015,3.20,5.10,0.10 (2.00 %)," ","132,740","667,564,000",0,0,5.00,5.00,5.10,5.00
14/10/2015,3.14,5.00,-0.10 (-1.96 %)," ","29,500","147,750,000",0,0,5.10,5.1,5.10,5.00
13/10/2015,3.20,5.10,-0.10 (-1.92 %)," ","5,200","26,520,000",0,0,5.20,5.10,5.10,5.10
12/10/2015,3.26,5.20,0.10 (1.96 %)," ","80,900","412,800,000",0,0,5.10,5.1,5.20,5.10
09/10/2015,3.20,5.10,-0.10 (-1.92 %)," ","42,000","215,400,000",0,0,5.20,5.20,5.20,5.10
08/10/2015,3.26,5.20,0.20 (4.00 %)," ","125,800","641,420,000",0,0,5.00,5.0,5.20,5.00
07/10/2015,3.14,5.00,-0.10 (-1.96 %)," ","62,300","311,510,000",0,0,5.10,5.00,5.10,5.00
06/10/2015,3.20,5.10,0.10 (2.00 %)," ","76,900","386,140,000",0,0,5.00,5.0,5.10,5.00
02/10/2015,3.07,4.90,-0.10 (-2.00 %)," ","16,100","78,970,000",0,0,5.00,5.0,5.00,4.90
01/10/2015,3.14,5.00,0.00 (0.00 %)," ","124,500","614,850,000",0,0,5.00,5.10,5.10,4.90
30/09/2015,3.14,5.00,0.00 (0.00 %)," ","69,700","347,490,000",0,0,5.00,5.0,5.00,4.90
29/09/2015,3.14,5.00,0.00 (0.00 %)," ","51,300","252,500,000",0,0,5.00,4.90,5.00,4.90
28/09/2015,3.14,5.00,-0.10 (-1.96 %)," ","57,700","288,900,000",0,0,5.10,5.0,5.10,5.00
25/09/2015,3.20,5.10,0.00 (0.00 %)," ","46,900","235,770,000",0,0,5.10,5.10,5.10,5.00
24/09/2015,3.20,5.10,0.00 (0.00 %)," ","59,400","302,030,000",0,0,5.10,5.1,5.20,5.00
23/09/2015,3.20,5.10,0.00 (0.00 %)," ","28,800","146,890,000",0,0,5.10,5.10,5.20,5.00
22/09/2015,3.20,5.10,-0.10 (-1.92 %)," ","29,600","151,380,000",0,0,5.20,5.2,5.20,5.10
21/09/2015,3.26,5.20,0.10 (1.96 %)," ","123,000","627,340,000",0,0,5.10,5.00,5.20,5.00
18/09/2015,3.20,5.10,0.10 (2.00 %)," ","22,000","111,090,000",0,0,5.00,5.1,5.10,4.90
17/09/2015,3.14,5.00,0.10 (2.04 %)," ","60,500","302,540,000",0,0,4.90,5.00,5.10,5.00
16/09/2015,3.07,4.90,-0.10 (-2.00 %)," ","22,000","107,770,000",0,0,5.00,5.0,5.00,4.80
15/09/2015,3.14,5.00,0.10 (2.04 %)," ","27,900","136,970,000",0,0,4.90,4.90,5.00,4.90
14/09/2015,3.07,4.90,-0.20 (-3.92 %)," ","51,900","257,040,000",0,0,5.10,5.0,5.10,4.90
11/09/2015,3.20,5.10,0.10 (2.00 %)," ","48,600","244,465,200",0,0,5.00,5.10,5.10,5.00
10/09/2015,3.14,5.00,0.00 (0.00 %)," ","62,500","312,620,000",0,0,5.00,5.1,5.10,4.90
09/09/2015,3.14,5.00,0.10 (2.04 %)," ","107,800","539,570,000",0,0,4.90,5.00,5.10,5.00
08/09/2015,3.07,4.90,0.10 (2.08 %)," ","80,700","392,370,000",0,0,4.80,4.8,4.90,4.80
04/09/2015,3.07,4.90,-0.10 (-2.00 %)," ","22,000","107,780,000",0,0,5.00,4.8,5.00,4.80
03/09/2015,3.14,5.00,0.00 (0.00 %)," ","33,240","162,936,000",0,0,5.00,5.10,5.10,4.90
01/09/2015,3.14,5.00,0.00 (0.00 %)," ","56,800","285,000,000",0,0,5.00,5.0,5.10,4.90
31/08/2015,3.14,5.00,0.00 (0.00 %)," ","106,500","522,900,000",0,0,5.00,5.00,5.00,4.90
28/08/2015,3.14,5.00,0.00 (0.00 %)," ","63,600","318,040,000",0,0,5.00,5.0,5.10,5.00
27/08/2015,3.14,5.00,-0.10 (-1.96 %)," ","160,400","807,250,000",0,0,5.10,5.10,5.10,5.00
26/08/2015,3.20,5.10,0.40 (8.51 %)," ","452,700","2,261,600,000",0,0,4.70,4.7,5.10,4.70
25/08/2015,2.95,4.70,0.10 (2.17 %)," ","303,330","1,409,318,000",0,0,4.60,4.70,4.80,4.50
24/08/2015,2.89,4.60,-0.50 (-9.80 %)," ","254,500","1,211,700,000",0,0,5.10,5.1,5.10,4.60
21/08/2015,3.20,5.10,-0.20 (-3.77 %)," ","174,800","875,490,000",0,0,5.30,5.20,5.20,4.80
20/08/2015,3.33,5.30,0.00 (0.00 %)," ","84,000","442,450,000",0,0,5.30,5.3,5.30,5.20
19/08/2015,3.33,5.30,-0.10 (-1.85 %)," ","68,200","359,120,000",0,0,5.40,5.30,5.40,5.20
18/08/2015,3.39,5.40,0.10 (1.89 %)," ","189,500","1,004,430,000",0,0,5.30,5.3,5.40,5.30
17/08/2015,3.33,5.30,0.00 (0.00 %)," ","86,900","463,620,000",0,0,5.30,5.30,5.40,5.30
14/08/2015,3.33,5.30,0.00 (0.00 %)," ","85,400","452,640,000",0,0,5.30,5.3,5.40,5.30
13/08/2015,3.33,5.30,-0.30 (-5.36 %)," ","378,600","2,001,360,000",0,0,5.60,5.50,5.50,5.10
12/08/2015,3.51,5.60,-0.20 (-3.45 %)," ","202,900","1,131,160,000",10,"53,000",5.80,5.8,5.80,5.50
11/08/2015,3.64,5.80,0.10 (1.75 %)," ","218,400","1,249,970,000",0,0,5.70,5.70,5.80,5.70
10/08/2015,3.58,5.70,0.00 (0.00 %)," ","289,708","1,671,214,800",0,0,5.70,5.7,5.90,5.70
06/08/2015,3.76,6.00,0.00 (0.00 %)," ","182,647","1,082,112,000",0,0,6.00,6.0,6.00,5.90
05/08/2015,3.76,6.00,0.30 (5.26 %)," ","490,900","2,941,050,000",0,0,5.70,6.10,6.20,5.80
04/08/2015,3.58,5.70,0.50 (9.62 %)," ","832,000","4,645,870,000",0,0,5.20,5.2,5.70,5.20
03/08/2015,3.26,5.20,-0.10 (-1.89 %)," ","64,800","333,620,000",0,0,5.30,5.20,5.30,5.10
31/07/2015,3.33,5.30,0.10 (1.92 %)," ","49,650","258,387,100",0,0,5.20,5.2,5.30,5.20
30/07/2015,3.26,5.20,-0.20 (-3.70 %)," ","85,600","446,170,000",0,0,5.40,5.30,5.30,5.20
29/07/2015,3.39,5.40,0.00 (0.00 %)," ","24,850","129,810,000",0,0,5.40,5.3,5.40,5.20
28/07/2015,3.39,5.40,-0.10 (-1.82 %)," ","104,600","560,630,000",0,0,5.50,5.50,5.50,5.30
27/07/2015,3.45,5.50,0.10 (1.85 %)," ","58,400","315,370,000",0,0,5.40,5.4,5.50,5.40
24/07/2015,3.39,5.40,0.20 (3.85 %)," ","150,200","799,590,000",0,0,5.20,5.20,5.40,5.10
23/07/2015,3.26,5.20,-0.20 (-3.70 %)," ","32,700","170,440,000",0,0,5.40,5.4,5.40,5.20
22/07/2015,3.39,5.40,0.00 (0.00 %)," ","13,900","73,660,000",0,0,5.40,5.30,5.40,5.20
21/07/2015,3.39,5.40,0.20 (3.85 %)," ","71,200","377,440,000",0,0,5.20,5.4,5.40,5.20
20/07/2015,3.26,5.20,-0.10 (-1.89 %)," ","70,900","375,670,000",0,0,5.30,5.40,5.40,5.20
17/07/2015,3.33,5.30,-0.10 (-1.85 %)," ","132,912","713,054,800",0,0,5.40,5.5,5.50,5.30
16/07/2015,3.39,5.40,0.10 (1.89 %)," ","159,500","861,300,000",0,0,5.30,5.40,5.40,5.40
15/07/2015,3.30,5.50,0.00 (0.00 %)," ","49,210","274,625,000",0,0,5.50,5.6,5.60,5.50
14/07/2015,3.30,5.50,-0.20 (-3.51 %)," ","84,300","469,990,000",0,0,5.70,5.60,5.70,5.50
13/07/2015,3.42,5.70,0.10 (1.79 %)," ","83,900","467,790,000",0,0,5.60,5.5,5.70,5.50
09/07/2015,3.30,5.50,-0.10 (-1.79 %)," ","65,200","360,400,000",0,0,5.60,5.7,5.70,5.50
08/07/2015,3.36,5.60,-0.10 (-1.75 %)," ","134,400","753,340,000",0,0,5.70,5.70,5.70,5.50
07/07/2015,3.42,5.70,0.10 (1.79 %)," ","63,300","355,230,000",0,0,5.60,5.6,5.70,5.60
06/07/2015,3.36,5.60,-0.10 (-1.75 %)," ","201,430","1,122,311,000",0,0,5.70,5.70,5.70,5.50
03/07/2015,3.42,5.70,0.20 (3.64 %)," ","176,310","987,297,000",0,0,5.50,5.0,5.70,5.00
02/07/2015,3.30,5.50,-0.10 (-1.79 %)," ","34,800","192,070,000",0,0,5.60,5.60,5.60,5.50
01/07/2015,3.36,5.60,0.20 (3.70 %)," ","202,600","1,104,550,000",0,0,5.40,5.5,5.60,5.40
30/06/2015,3.24,5.40,-0.10 (-1.82 %)," ","164,300","901,600,000",0,0,5.50,5.50,5.50,5.40
29/06/2015,3.30,5.50,0.00 (0.00 %)," ","60,100","330,550,000",0,0,5.50,5.5,5.50,5.50
26/06/2015,3.30,5.50,-0.10 (-1.79 %)," ","74,800","411,400,000",0,0,5.60,5.50,5.50,5.50
25/06/2015,3.36,5.60,0.00 (0.00 %)," ","100,400","553,880,000",0,0,5.60,5.5,5.60,5.50
24/06/2015,3.36,5.60,0.00 (0.00 %)," ","65,230","359,785,000",0,0,5.60,5.50,5.60,5.50
23/06/2015,3.36,5.60,0.00 (0.00 %)," ","123,500","690,900,000",0,0,5.60,5.6,5.70,5.50
22/06/2015,3.36,5.60,0.00 (0.00 %)," ","65,600","363,900,000",0,0,5.60,5.50,5.60,5.50
19/06/2015,3.36,5.60,0.00 (0.00 %)," ","77,200","431,670,000",0,0,5.60,5.1,5.60,5.10
18/06/2015,3.36,5.60,0.10 (1.82 %)," ","94,900","523,880,000",0,0,5.50,5.50,5.70,5.50
17/06/2015,3.30,5.50,-0.10 (-1.79 %)," ","113,388","633,242,800",0,0,5.60,5.5,5.70,5.50
16/06/2015,3.36,5.60,0.00 (0.00 %)," ","134,000","758,340,000",0,0,5.60,5.70,5.80,5.60
15/06/2015,3.36,5.60,-0.20 (-3.45 %)," ","152,700","875,470,000",0,0,5.80,5.8,5.80,5.60
11/06/2015,3.48,5.80,0.10 (1.75 %)," ","428,900","2,459,580,000",0,0,5.70,5.7,5.90,5.60
10/06/2015,3.42,5.70,0.10 (1.79 %)," ","218,700","1,211,720,000",0,0,5.60,5.20,5.70,5.20
09/06/2015,3.36,5.60,-0.10 (-1.75 %)," ","281,700","1,577,270,000",0,0,5.70,5.6,5.70,5.50
08/06/2015,3.42,5.70,0.00 (0.00 %)," ","160,500","916,450,000",0,0,5.70,5.80,5.80,5.60
05/06/2015,3.42,5.70,-0.20 (-3.39 %)," ","286,600","1,626,930,000",0,0,5.90,5.8,5.80,5.60
04/06/2015,3.54,5.90,0.30 (5.36 %)," ","431,400","2,492,470,000",0,0,5.60,5.70,5.90,5.70
03/06/2015,3.36,5.60,0.00 (0.00 %)," ","130,600","729,310,000","1,175,000","6,580,000,000",5.60,5.6,5.60,5.40
02/06/2015,3.36,5.60,0.00 (0.00 %)," ","137,700","771,120,000",0,0,5.60,5.60,5.60,5.60
01/06/2015,3.36,5.60,0.00 (0.00 %)," ","197,200","1,103,880,000",0,0,5.60,5.6,5.70,5.50
29/05/2015,3.36,5.60,0.00 (0.00 %)," ","199,710","1,114,933,000",0,0,5.60,5.60,5.70,5.40
28/05/2015,3.36,5.60,0.10 (1.82 %)," ","301,100","1,688,400,000",0,0,5.50,5.5,5.70,5.50
27/05/2015,3.30,5.50,-0.10 (-1.79 %)," ","103,700","569,940,000",0,0,5.60,5.30,5.60,5.30
26/05/2015,3.36,5.60,0.30 (5.66 %)," ","178,600","984,530,000",0,0,5.30,5.3,5.70,5.30
25/05/2015,3.18,5.30,0.00 (0.00 %)," ","759,400","3,954,980,000",0,0,5.30,5.30,5.30,5.20
22/05/2015,3.18,5.30,0.10 (1.92 %)," ","111,600","577,810,000",0,0,5.20,5.1,5.30,5.10
21/05/2015,3.12,5.20,0.10 (1.96 %)," ","115,400","589,460,000",0,0,5.10,5.10,5.20,5.00
20/05/2015,3.06,5.10,0.30 (6.25 %)," ","133,600","668,370,000",0,0,4.80,4.7,5.20,4.60
19/05/2015,2.88,4.80,0.20 (4.35 %)," ","113,100","534,230,000",0,0,4.60,4.70,4.80,4.60
18/05/2015,2.76,4.60,-0.40 (-8.00 %)," ","171,700","826,040,000",0,0,5.00,5.0,5.00,4.60
14/05/2015,3.18,5.30,-0.10 (-1.85 %)," ","118,500","627,850,000",0,0,5.40,5.4,5.40,5.20
13/05/2015,3.24,5.40,-0.10 (-1.82 %)," ","112,600","607,840,000",0,0,5.50,5.50,5.50,5.30
12/05/2015,3.30,5.50,0.00 (0.00 %)," ","207,100","1,129,320,000",0,0,5.50,5.5,5.50,5.40
11/05/2015,3.30,5.50,-0.20 (-3.51 %)," ","177,700","986,010,000",0,0,5.70,5.60,5.70,5.50
08/05/2015,3.42,5.70,0.10 (1.79 %)," ","43,178","242,026,800",0,0,5.60,5.7,5.70,5.60
07/05/2015,3.36,5.60,0.00 (0.00 %)," ","89,600","499,120,000",0,0,5.60,5.60,5.60,5.50
06/05/2015,3.36,5.60,-0.20 (-3.45 %)," ","250,200","1,397,020,000",0,0,5.80,5.7,5.70,5.50
05/05/2015,3.48,5.80,0.10 (1.75 %)," ","129,200","736,500,000",0,0,5.70,5.70,5.80,5.60
04/05/2015,3.42,5.70,-0.20 (-3.39 %)," ","404,000","2,304,000,000",0,0,5.90,5.8,5.80,5.60
27/04/2015,3.54,5.90,0.00 (0.00 %)," ","170,100","999,700,000",0,0,5.90,5.90,5.90,5.70
24/04/2015,3.54,5.90,0.10 (1.72 %)," ","105,100","606,020,000",0,0,5.80,5.8,5.90,5.70
23/04/2015,3.48,5.80,0.00 (0.00 %)," ","45,810","261,228,000",0,0,5.80,5.70,5.80,5.70
22/04/2015,3.48,5.80,0.00 (0.00 %)," ","33,806","193,343,600",0,0,5.80,5.7,5.80,5.70
21/04/2015,3.48,5.80,0.00 (0.00 %)," ","215,900","1,230,950,000",0,0,5.80,5.70,5.80,5.70
20/04/2015,3.48,5.80,-0.10 (-1.69 %)," ","74,900","434,530,000",0,0,5.90,5.9,5.90,5.80
17/04/2015,3.54,5.90,0.00 (0.00 %)," ","91,210","538,150,000",0,0,5.90,5.90,6.00,5.90
16/04/2015,3.54,5.90,0.00 (0.00 %)," ","95,200","561,680,000",0,0,5.90,5.9,5.90,5.90
15/04/2015,3.54,5.90,0.20 (3.51 %)," ","90,200","523,780,000",0,0,5.70,5.80,5.90,5.80
14/04/2015,3.42,5.70,-0.20 (-3.39 %)," ","89,900","521,150,000","10,800","64,800,000",5.90,5.9,5.90,5.70
10/04/2015,3.48,5.80,-0.10 (-1.69 %)," ","116,700","686,480,000",0,0,5.90,5.8,6.00,5.80
09/04/2015,3.54,5.90,0.10 (1.72 %)," ","107,400","628,160,000",0,0,5.80,5.80,5.90,5.80
08/04/2015,3.48,5.80,-0.20 (-3.33 %)," ","141,400","823,320,000",0,0,6.00,6.0,6.00,5.80
07/04/2015,3.60,6.00,0.10 (1.69 %)," ","92,900","546,700,000",0,0,5.90,5.90,6.00,5.80
06/04/2015,3.54,5.90,-0.10 (-1.67 %)," ","261,400","1,542,260,000",0,0,6.00,5.9,5.90,5.90
03/04/2015,3.60,6.00,0.20 (3.45 %)," ","163,300","945,210,000",0,0,5.80,5.80,6.00,5.70
02/04/2015,3.48,5.80,0.00 (0.00 %)," ","89,500","513,660,000",0,0,5.80,5.8,5.90,5.70
01/04/2015,3.48,5.80,-0.20 (-3.33 %)," ","222,300","1,294,910,000",0,0,6.00,6.00,6.00,5.80
31/03/2015,3.60,6.00,0.10 (1.69 %)," ","180,900","1,085,210,000",0,0,5.90,6.0,6.10,5.90
30/03/2015,3.54,5.90,-0.30 (-4.84 %)," ","144,800","875,730,000",0,0,6.20,6.20,6.20,5.90
27/03/2015,3.72,6.20,0.00 (0.00 %)," ","76,500","475,930,000",0,0,6.20,6.3,6.30,6.10
26/03/2015,3.72,6.20,-0.10 (-1.59 %)," ","91,600","568,590,000",0,0,6.30,6.20,6.30,6.20
25/03/2015,3.78,6.30,0.00 (0.00 %)," ","152,200","944,670,000",0,0,6.30,6.3,6.30,6.20
24/03/2015,3.78,6.30,0.10 (1.61 %)," ","241,000","1,494,410,000",0,0,6.20,6.20,6.30,6.20
23/03/2015,3.72,6.20,-0.20 (-3.13 %)," ","283,800","1,797,020,000",0,0,6.40,6.4,6.40,6.20
20/03/2015,3.84,6.40,0.20 (3.23 %)," ","189,860","1,189,224,000",0,0,6.20,6.20,6.40,6.20
19/03/2015,3.72,6.20,-0.10 (-1.59 %)," ","61,000","381,680,000",0,0,6.30,6.3,6.40,6.20
18/03/2015,3.78,6.30,0.00 (0.00 %)," ","194,400","1,222,270,000",6,"34,200",6.30,6.30,6.40,6.20
17/03/2015,3.78,6.30,0.00 (0.00 %)," ","108,200","684,530,000",0,0,6.30,6.3,6.40,6.30
13/03/2015,3.78,6.30,0.00 (0.00 %)," ","81,700","515,060,000",0,0,6.30,6.4,6.40,6.30
12/03/2015,3.78,6.30,0.00 (0.00 %)," ","120,600","759,780,000",0,0,6.30,6.30,6.30,6.30
11/03/2015,3.78,6.30,-0.20 (-3.08 %)," ","404,000","2,559,910,000",0,0,6.50,6.5,6.50,6.30
10/03/2015,3.90,6.50,0.00 (0.00 %)," ","153,900","995,260,000","40,000","258,000,000",6.50,6.40,6.50,6.40
09/03/2015,3.90,6.50,-0.10 (-1.52 %)," ","27,700","180,050,000",0,0,6.60,6.5,6.50,6.50
06/03/2015,3.96,6.60,0.00 (0.00 %)," ","284,400","1,850,010,000",0,0,6.60,6.60,6.60,6.50
05/03/2015,3.96,6.60,-0.10 (-1.49 %)," ","313,700","2,069,880,000",0,0,6.70,6.6,6.60,6.50
04/03/2015,4.02,6.70,0.10 (1.52 %)," ","361,118","2,384,198,800",0,0,6.60,6.60,6.70,6.50
03/03/2015,3.96,6.60,0.10 (1.54 %)," ","106,510","694,041,000",0,0,6.50,5.9,6.60,5.90
02/03/2015,3.90,6.50,0.00 (0.00 %)," ","88,400","574,160,000",0,0,6.50,6.50,6.50,6.40
27/02/2015,3.90,6.50,0.00 (0.00 %)," ","312,600","2,038,070,000",0,0,6.50,6.5,6.60,6.50
26/02/2015,3.90,6.50,-0.10 (-1.52 %)," ","264,600","1,721,630,000",0,0,6.60,6.60,6.70,6.40
25/02/2015,3.96,6.60,0.10 (1.54 %)," ","301,210","1,958,504,000",0,0,6.50,6.5,6.60,6.40
24/02/2015,3.90,6.50,0.10 (1.56 %)," ","113,000","730,780,000",0,0,6.40,6.50,6.50,6.40
13/02/2015,3.84,6.40,0.00 (0.00 %)," ","91,300","584,650,000",0,0,6.40,6.4,6.50,6.40
12/02/2015,3.84,6.40,0.00 (0.00 %)," ","109,200","699,040,000",0,0,6.40,6.40,6.50,6.40
11/02/2015,3.84,6.40,0.20 (3.23 %)," ","279,800","1,743,690,000",0,0,6.20,6.2,6.40,6.20
10/02/2015,3.72,6.20,0.00 (0.00 %)," ","235,424","1,468,708,800",0,0,6.20,6.20,6.30,6.10
09/02/2015,3.72,6.20,-0.20 (-3.13 %)," ","497,100","3,097,280,000",0,0,6.40,6.4,6.40,6.10
05/02/2015,3.96,6.60,0.00 (0.00 %)," ","376,000","2,492,560,000",0,0,6.60,6.5,6.80,6.50
04/02/2015,3.96,6.60,0.00 (0.00 %)," ","251,800","1,651,670,000",0,0,6.60,6.60,6.70,6.50
03/02/2015,3.96,6.60,-0.30 (-4.35 %)," ","702,610","4,745,473,000",0,0,6.90,6.9,7.00,6.60
02/02/2015,4.13,6.90,-0.30 (-4.17 %)," ","156,800","1,099,350,000",0,0,7.20,7.20,7.20,6.90
30/01/2015,4.31,7.20,-0.10 (-1.37 %)," ","361,800","2,580,020,000",0,0,7.30,7.2,7.30,7.10
29/01/2015,4.37,7.30,-0.10 (-1.35 %)," ","151,328","1,091,754,400",0,0,7.40,7.40,7.40,7.20
28/01/2015,4.43,7.40,0.10 (1.37 %)," ","318,700","2,316,950,000",0,0,7.30,7.3,7.40,7.10
27/01/2015,4.37,7.30,0.00 (0.00 %)," ","326,200","2,367,480,000",0,0,7.30,7.30,7.40,7.20
26/01/2015,4.37,7.30,0.10 (1.39 %)," ","299,000","2,170,600,000",0,0,7.20,7.2,7.40,7.20
23/01/2015,4.31,7.20,0.00 (0.00 %)," ","245,500","1,768,100,000",0,0,7.20,7.30,7.30,7.20
22/01/2015,4.31,7.20,0.00 (0.00 %)," ","391,500","2,813,480,000",0,0,7.20,7.3,7.30,7.10
21/01/2015,4.31,7.20,0.00 (0.00 %)," ","413,800","2,997,380,000",0,0,7.20,7.20,7.30,7.10
20/01/2015,4.31,7.20,0.10 (1.41 %)," ","228,900","1,635,400,000",0,0,7.10,7.8,7.80,7.10
19/01/2015,4.25,7.10,-0.20 (-2.74 %)," ","126,000","902,930,000",0,0,7.30,7.30,7.30,7.10
16/01/2015,4.37,7.30,0.10 (1.39 %)," ","370,196","2,666,422,000",0,0,7.20,7.2,7.30,7.20
15/01/2015,4.31,7.20,0.10 (1.41 %)," ","312,100","2,236,870,000",0,0,7.10,7.20,7.30,7.10
14/01/2015,4.25,7.10,-0.10 (-1.39 %)," ","193,502","1,378,874,000",0,0,7.20,7.2,7.30,7.10
13/01/2015,4.31,7.20,0.00 (0.00 %)," ","474,379","3,374,723,500",0,0,7.20,7.20,7.20,7.10
12/01/2015,4.31,7.20,-0.10 (-1.37 %)," ","234,400","1,699,050,000",10,"66,000",7.30,7.3,7.40,7.20
08/01/2015,4.37,7.30,0.10 (1.39 %)," ","109,500","798,460,000",0,0,7.20,7.2,7.40,7.20
07/01/2015,4.31,7.20,-0.20 (-2.70 %)," ","332,200","2,435,670,000",0,0,7.40,7.40,7.50,7.20
06/01/2015,4.43,7.40,0.10 (1.37 %)," ","290,800","2,098,700,000",0,0,7.30,7.2,7.40,7.10
05/01/2015,4.37,7.30,-0.10 (-1.35 %)," ","239,500","1,748,880,000",0,0,7.40,7.40,7.40,7.30
31/12/2014,4.43,7.40,0.30 (4.23 %)," ","250,500","1,818,640,000",0,0,7.10,7.1,7.40,7.10
30/12/2014,4.25,7.10,0.30 (4.41 %)," ","184,000","1,276,620,000",0,0,6.80,6.90,7.10,6.70
29/12/2014,4.08,6.80,-0.20 (-2.86 %)," ","299,328","2,060,806,000",0,0,7.00,7.0,7.10,6.80
26/12/2014,4.19,7.00,-0.20 (-2.78 %)," ","528,100","3,717,810,000",0,0,7.20,7.20,7.20,7.00
25/12/2014,4.31,7.20,-0.30 (-4.00 %)," ","82,200","595,230,000",0,0,7.50,7.4,7.40,7.20
24/12/2014,4.49,7.50,0.10 (1.35 %)," ","167,400","1,240,965,400",0,0,7.40,7.40,7.50,7.30
23/12/2014,4.43,7.40,0.10 (1.37 %)," ","292,902","2,132,824,600",0,0,7.30,7.4,7.40,7.20
22/12/2014,4.37,7.30,0.10 (1.39 %)," ","127,510","922,922,000",0,0,7.20,7.20,7.30,7.20
19/12/2014,4.31,7.20,-0.20 (-2.70 %)," ","426,700","3,059,830,000",0,0,7.40,7.4,7.40,7.10
18/12/2014,4.43,7.40,0.20 (2.78 %)," ","148,402","1,090,105,800",0,0,7.20,7.20,7.50,7.20
17/12/2014,4.31,7.20,-0.30 (-4.00 %)," ","633,100","4,579,420,000",0,0,7.50,7.6,7.60,6.80
16/12/2014,4.49,7.50,-0.20 (-2.60 %)," ","446,798","3,357,946,000","20,000","168,000,000",7.70,7.60,7.60,7.50
15/12/2014,4.61,7.70,-0.10 (-1.28 %)," ","251,400","1,939,300,000",0,0,7.80,7.7,7.80,7.70
12/12/2014,4.67,7.80,0.10 (1.30 %)," ","175,910","1,355,267,000",0,0,7.70,7.70,7.80,7.60
11/12/2014,4.61,7.70,0.00 (0.00 %)," ","229,800","1,765,270,000",0,0,7.70,7.7,7.80,7.60
09/12/2014,4.49,7.50,-0.40 (-5.06 %)," ","1,046,800","8,029,590,000",0,0,7.90,7.9,7.90,7.40
08/12/2014,4.73,7.90,-0.20 (-2.47 %)," ","539,000","4,300,360,000",0,0,8.10,8.00,8.10,7.90
05/12/2014,4.85,8.10,-0.10 (-1.22 %)," ","313,300","2,522,900,000",0,0,8.20,8.2,8.20,8.00
04/12/2014,4.91,8.20,0.00 (0.00 %)," ","536,820","4,402,564,000",0,0,8.20,8.20,8.30,8.10
03/12/2014,4.91,8.20,0.40 (5.13 %)," ","3,400,880","27,820,061,000",0,0,7.80,7.8,8.40,7.80
02/12/2014,4.67,7.80,0.10 (1.30 %)," ","471,200","3,667,100,000",0,0,7.70,7.70,7.90,7.60
01/12/2014,4.61,7.70,0.00 (0.00 %)," ","185,628","1,429,884,600",0,0,7.70,7.7,7.80,7.60
28/11/2014,4.61,7.70,0.10 (1.32 %)," ","330,600","2,529,570,000",0,0,7.60,7.60,7.70,7.50
27/11/2014,4.55,7.60,0.10 (1.33 %)," ","184,000","1,374,030,000",0,0,7.50,7.5,7.60,7.40
26/11/2014,4.49,7.50,-0.10 (-1.32 %)," ","170,600","1,283,770,000",0,0,7.60,7.70,7.70,7.40
25/11/2014,4.55,7.60,0.10 (1.33 %)," ","265,610","1,986,304,000",0,0,7.50,7.5,7.60,7.40
24/11/2014,4.49,7.50,-0.20 (-2.60 %)," ","266,130","2,013,315,000",0,0,7.70,7.50,7.70,7.50
21/11/2014,4.61,7.70,-0.10 (-1.28 %)," ","325,400","2,497,440,000",0,0,7.80,7.8,7.80,7.50
20/11/2014,4.67,7.80,0.10 (1.30 %)," ","413,400","3,206,450,000","15,000","120,000,000",7.70,7.70,7.90,7.70
19/11/2014,4.61,7.70,0.00 (0.00 %)," ","177,700","1,354,440,000",0,0,7.70,7.7,7.70,7.60
18/11/2014,4.61,7.70,-0.10 (-1.28 %)," ","397,010","3,054,838,000",0,0,7.80,7.90,7.90,7.60
17/11/2014,4.67,7.80,-0.10 (-1.27 %)," ","255,870","1,992,296,000",0,0,7.90,7.8,7.90,7.70
14/11/2014,4.73,7.90,0.00 (0.00 %)," ","314,110","2,448,178,000",0,0,7.90,7.80,7.90,7.70
13/11/2014,4.73,7.90,0.00 (0.00 %)," ","303,802","2,400,356,000","50,400","398,160,000",7.90,8.0,8.00,7.90
11/11/2014,4.67,7.80,0.00 (0.00 %)," ","669,800","5,238,940,000",0,0,7.80,7.8,7.90,7.70
10/11/2014,4.67,7.80,0.00 (0.00 %)," ","555,100","4,333,610,000",0,0,7.80,7.80,8.00,7.70
07/11/2014,4.67,7.80,-0.10 (-1.27 %)," ","233,400","1,824,940,000",0,0,7.90,7.8,7.90,7.80
06/11/2014,4.73,7.90,0.00 (0.00 %)," ","201,300","1,581,620,000",0,0,7.90,8.00,8.00,7.80
05/11/2014,4.73,7.90,0.10 (1.28 %)," ","1,485,340","11,785,007,000",0,0,7.80,7.9,8.10,7.80
04/11/2014,4.67,7.80,0.20 (2.63 %)," ","945,810","7,382,050,000",0,0,7.60,7.70,7.90,7.70
03/11/2014,4.55,7.60,0.10 (1.33 %)," ","148,703","1,130,113,000",0,0,7.50,7.6,7.70,7.50
31/10/2014,4.49,7.50,0.10 (1.35 %)," ","265,700","1,985,920,000",0,0,7.40,7.50,7.60,7.40
30/10/2014,4.43,7.40,0.00 (0.00 %)," ","510,500","3,789,110,000",0,0,7.40,7.4,7.60,7.30
29/10/2014,4.43,7.40,0.10 (1.37 %)," ","201,202","1,485,155,000",0,0,7.30,7.30,7.50,7.30
28/10/2014,4.37,7.30,0.20 (2.82 %)," ","372,100","2,688,120,000",0,0,7.10,7.2,7.30,7.20
27/10/2014,4.25,7.10,-0.40 (-5.33 %)," ","271,800","1,976,320,000",0,0,7.50,7.50,7.50,7.10
24/10/2014,4.49,7.50,0.10 (1.35 %)," ","381,100","2,830,200,000",0,0,7.40,7.3,7.50,7.00
23/10/2014,4.43,7.40,-0.20 (-2.63 %)," ","496,400","3,733,080,000",0,0,7.60,7.60,7.70,7.40
22/10/2014,4.55,7.60,0.00 (0.00 %)," ","300,128","2,286,089,000",0,0,7.60,7.7,7.80,7.60
21/10/2014,4.55,7.60,0.00 (0.00 %)," ","246,000","1,872,620,000",0,0,7.60,7.60,7.70,7.50
20/10/2014,4.55,7.60,0.00 (0.00 %)," ","454,400","3,481,620,000",0,0,7.60,7.7,7.80,7.60
17/10/2014,4.55,7.60,0.10 (1.33 %)," ","515,300","3,885,600,000",0,0,7.50,7.50,7.70,7.50
16/10/2014,4.49,7.50,-0.30 (-3.85 %)," ","866,030","6,557,904,000",0,0,7.80,7.8,7.80,7.40
14/10/2014,4.67,7.80,-0.30 (-3.70 %)," ","493,900","3,901,380,000",0,0,8.10,8.0,8.10,7.80
13/10/2014,4.85,8.10,0.10 (1.25 %)," ","574,746","4,556,678,000",0,0,8.00,8.00,8.10,7.80
10/10/2014,4.79,8.00,-0.20 (-2.44 %)," ","1,416,340","11,400,133,000",0,0,8.20,8.2,8.20,8.00
09/10/2014,4.91,8.20,0.00 (0.00 %)," ","1,186,119","9,765,751,400",0,0,8.20,8.20,8.40,8.10
08/10/2014,4.91,8.20,-0.20 (-2.38 %)," ","642,400","5,303,610,000",0,0,8.40,8.4,8.40,8.20
07/10/2014,5.03,8.40,0.30 (3.70 %)," ","3,454,369","29,033,597,800",0,0,8.10,8.10,8.60,8.10
06/10/2014,4.85,8.10,0.30 (3.85 %)," ","1,503,021","12,062,837,900",0,0,7.80,7.9,8.10,7.90
03/10/2014,4.67,7.80,0.00 (0.00 %)," ","975,100","7,610,620,000",0,0,7.80,7.80,7.90,7.70
02/10/2014,4.67,7.80,0.10 (1.30 %)," ","678,500","5,257,850,000",0,0,7.70,7.7,7.80,7.60
01/10/2014,4.61,7.70,0.10 (1.32 %)," ","450,584","3,444,151,000",0,0,7.60,7.60,7.70,7.50
30/09/2014,4.55,7.60,0.20 (2.70 %)," ","479,900","3,615,940,000",0,0,7.40,7.5,7.70,7.40
29/09/2014,4.43,7.40,-0.10 (-1.33 %)," ","433,800","3,239,140,096",0,0,7.50,7.60,7.70,7.40
26/09/2014,4.49,7.50,0.00 (0.00 %)," ","354,990","2,676,833,600",0,0,7.50,7.5,7.70,7.50
25/09/2014,4.49,7.50,0.00 (0.00 %)," ","400,900","2,981,640,000",0,0,7.50,7.50,7.60,7.40
24/09/2014,4.49,7.50,0.00 (0.00 %)," ","276,300","2,071,610,000",0,0,7.50,7.6,7.60,7.40
23/09/2014,4.49,7.50,-0.10 (-1.32 %)," ","592,400","4,429,020,000",0,0,7.60,7.50,7.70,7.40
22/09/2014,4.55,7.60,-0.10 (-1.30 %)," ","314,200","2,393,930,000",0,0,7.70,7.7,7.70,7.60
19/09/2014,4.61,7.70,0.20 (2.67 %)," ","487,500","3,713,470,000",0,0,7.50,7.50,7.70,7.50
18/09/2014,4.49,7.50,-0.30 (-3.85 %)," ","747,600","5,743,580,000",0,0,7.80,7.7,7.90,7.50
16/09/2014,4.73,7.90,0.00 (0.00 %)," ","638,020","4,946,049,000",0,0,7.90,8.0,8.00,7.70
15/09/2014,4.73,7.90,-0.10 (-1.25 %)," ","926,800","7,336,820,000",0,0,8.00,8.00,8.20,7.70
12/09/2014,4.79,8.00,0.00 (0.00 %)," ","413,600","3,308,310,000",0,0,8.00,8.0,8.10,7.90
11/09/2014,4.79,8.00,0.10 (1.27 %)," ","565,810","4,545,759,000",0,0,7.90,7.90,8.10,7.90
10/09/2014,4.73,7.90,0.10 (1.28 %)," ","735,700","5,797,920,000",0,0,7.80,7.8,8.00,7.70
09/09/2014,4.67,7.80,-0.50 (-6.02 %)," ","1,815,520","14,707,238,000",0,0,8.30,8.30,8.30,7.60
08/09/2014,4.97,8.30,0.10 (1.22 %)," ","2,018,600","16,917,670,000",0,0,8.20,8.3,8.50,8.30
05/09/2014,4.91,8.20,0.00 (0.00 %)," ","622,630","5,105,927,000",0,0,8.20,8.20,8.30,8.10
04/09/2014,4.91,8.20,-0.10 (-1.20 %)," ","767,858","6,303,945,600",0,0,8.30,8.3,8.30,8.10
03/09/2014,4.97,8.30,0.20 (2.47 %)," ","1,242,900","10,320,880,000",0,0,8.10,8.20,8.40,8.20
29/08/2014,4.85,8.10,0.00 (0.00 %)," ","864,000","7,004,380,000",0,0,8.10,8.2,8.20,8.10
28/08/2014,4.85,8.10,0.10 (1.25 %)," ","1,004,610","8,087,388,160",0,0,8.00,8.00,8.20,8.00
27/08/2014,4.79,8.00,0.00 (0.00 %)," ","871,400","6,963,070,000",0,0,8.00,8.0,8.10,7.90
26/08/2014,4.79,8.00,-0.10 (-1.23 %)," ","1,529,400","12,331,920,000",0,0,8.10,8.10,8.20,8.00
25/08/2014,4.85,8.10,0.00 (0.00 %)," ","1,345,000","10,992,010,000",0,0,8.10,8.1,8.30,8.00
22/08/2014,4.85,8.10,0.00 (0.00 %)," ","910,210","7,400,702,000",0,0,8.10,8.10,8.20,8.00
21/08/2014,4.85,8.10,-0.20 (-2.41 %)," ","870,700","7,105,270,000",0,0,8.30,8.3,8.30,8.10
20/08/2014,4.97,8.30,0.50 (6.41 %)," ","2,320,000","18,770,440,000",0,0,7.80,7.80,8.30,7.80
19/08/2014,4.67,7.80,-0.20 (-2.50 %)," ","576,400","4,556,340,000",0,0,8.00,8.0,8.00,7.80
15/08/2014,4.73,7.90,0.20 (2.60 %)," ","1,214,610","9,438,698,000",0,0,7.70,7.6,7.90,7.60
14/08/2014,4.61,7.70,-0.30 (-3.75 %)," ","729,500","5,732,050,000",0,0,8.00,8.00,8.10,7.70
13/08/2014,4.79,8.00,0.10 (1.27 %)," ","594,700","4,675,330,000",0,0,7.90,7.9,8.00,7.80
12/08/2014,4.73,7.90,0.00 (0.00 %)," ","615,600","4,788,480,000",0,0,7.90,7.90,7.90,7.70
11/08/2014,4.73,7.90,-0.10 (-1.25 %)," ","851,700","6,740,120,000",0,0,8.00,8.0,8.10,7.90
08/08/2014,4.79,8.00,0.00 (0.00 %)," ","1,107,000","9,050,060,000",0,0,8.00,8.10,8.40,8.00
07/08/2014,4.79,8.00,0.20 (2.56 %)," ","1,675,950","13,260,125,000",0,0,7.80,7.9,8.00,7.80
06/08/2014,4.67,7.80,0.20 (2.63 %)," ","894,800","6,889,520,000",0,0,7.60,7.60,7.80,7.50
05/08/2014,4.55,7.60,0.30 (4.11 %)," ","422,300","3,148,570,000",0,0,7.30,7.3,7.60,7.30
04/08/2014,4.37,7.30,0.00 (0.00 %)," ","203,400","1,493,800,000",0,0,7.30,7.30,7.50,7.30
01/08/2014,4.37,7.30,-0.20 (-2.67 %)," ","237,000","1,744,430,000",0,0,7.50,7.3,7.50,7.30
31/07/2014,4.49,7.50,0.20 (2.74 %)," ","331,000","2,436,180,000",0,0,7.30,7.30,7.50,7.30
30/07/2014,4.37,7.30,0.00 (0.00 %)," ","242,700","1,770,360,000",0,0,7.30,7.1,7.40,7.10
29/07/2014,4.37,7.30,0.00 (0.00 %)," ","199,900","1,454,820,000",0,0,7.30,7.20,7.40,7.20
28/07/2014,4.37,7.30,-0.30 (-3.95 %)," ","588,300","4,316,160,000",0,0,7.60,7.5,7.50,7.20
25/07/2014,4.55,7.60,-0.20 (-2.56 %)," ","435,500","3,356,850,000",0,0,7.80,7.80,7.90,7.60
24/07/2014,4.67,7.80,0.20 (2.63 %)," ","537,700","4,135,430,000",0,0,7.60,7.7,7.80,7.60
23/07/2014,4.55,7.60,-0.10 (-1.30 %)," ","269,200","2,038,540,000",0,0,7.70,7.70,7.70,7.50
22/07/2014,4.61,7.70,0.00 (0.00 %)," ","437,128","3,297,442,800",0,0,7.70,7.7,7.70,7.40
18/07/2014,4.55,7.60,0.00 (0.00 %)," ","473,400","3,614,650,000",0,0,7.60,7.6,7.80,7.60
17/07/2014,4.55,7.60,-0.30 (-3.80 %)," ","427,200","3,286,420,000",0,0,7.90,7.80,7.80,7.60
16/07/2014,4.73,7.90,0.10 (1.28 %)," ","498,400","3,908,250,000",0,0,7.80,7.9,8.00,7.70
15/07/2014,4.67,7.80,0.10 (1.30 %)," ","569,100","4,432,580,000",0,0,7.70,7.70,7.90,7.70
14/07/2014,4.61,7.70,0.20 (2.67 %)," ","307,500","2,340,750,000",0,0,7.50,7.6,7.70,7.50
11/07/2014,4.49,7.50,0.00 (0.00 %)," ","603,100","4,511,220,000",0,0,7.50,7.50,7.60,7.40
10/07/2014,4.49,7.50,-0.40 (-5.06 %)," ","1,097,300","8,341,580,000",0,0,7.90,7.9,7.90,7.50
09/07/2014,4.73,7.90,0.00 (0.00 %)," ","728,000","5,660,820,000",0,0,7.90,7.90,7.90,7.70
08/07/2014,4.73,7.90,0.10 (1.28 %)," ","494,400","3,836,980,000",0,0,7.80,7.9,7.90,7.60
07/07/2014,4.67,7.80,0.30 (4.00 %)," ","2,052,191","16,082,813,900",0,0,7.50,7.60,8.00,7.50
04/07/2014,4.49,7.50,0.10 (1.35 %)," ","1,298,000","9,628,140,000",0,0,7.40,7.4,7.50,7.30
03/07/2014,4.43,7.40,0.10 (1.37 %)," ","1,043,500","7,660,060,000",0,0,7.30,7.30,7.50,7.20
02/07/2014,4.37,7.30,0.30 (4.29 %)," ","1,014,600","7,213,420,000",0,0,7.00,7.0,7.30,6.90
01/07/2014,4.19,7.00,0.00 (0.00 %)," ","393,500","2,754,500,000",0,0,7.00,7.00,7.10,6.90
30/06/2014,4.19,7.00,0.00 (0.00 %)," ","386,200","2,671,290,000",0,0,7.00,7.0,7.00,6.80
27/06/2014,4.19,7.00,0.00 (0.00 %)," ","328,800","2,301,600,000",0,0,7.00,7.00,7.00,7.00
26/06/2014,4.19,7.00,-0.10 (-1.41 %)," ","652,100","4,605,310,000",0,0,7.10,6.4,7.20,6.40
25/06/2014,4.25,7.10,0.20 (2.90 %)," ","640,600","4,488,750,000",0,0,6.90,7.00,7.10,6.90
24/06/2014,4.13,6.90,0.20 (2.99 %)," ","310,000","2,112,730,000","40,000","276,000,000",6.70,6.7,7.00,6.70
20/06/2014,4.13,6.90,0.00 (0.00 %)," ","477,900","3,283,580,000",0,0,6.90,6.9,7.00,6.80
19/06/2014,4.13,6.90,-0.10 (-1.43 %)," ","1,161,300","7,889,770,000",0,0,7.00,7.00,7.00,6.60
18/06/2014,4.19,7.00,-0.20 (-2.78 %)," ","900,100","6,494,650,000",0,0,7.20,7.2,7.40,6.90
17/06/2014,4.31,7.20,0.20 (2.86 %)," ","977,700","6,950,080,000",0,0,7.00,7.00,7.30,7.00
16/06/2014,4.19,7.00,0.30 (4.48 %)," ","844,000","5,806,400,000",0,0,6.70,6.8,7.00,6.70
13/06/2014,4.01,6.90,0.10 (1.47 %)," ","493,100","3,384,390,000",0,0,6.80,6.90,7.00,6.80
12/06/2014,3.96,6.80,0.10 (1.49 %)," ","1,263,710","8,548,008,000",0,0,6.70,6.6,7.00,6.50
11/06/2014,3.90,6.70,0.30 (4.69 %)," ","294,500","1,933,600,000",0,0,6.40,6.50,6.70,6.40
10/06/2014,3.72,6.40,-0.20 (-3.03 %)," ","352,400","2,275,790,000",0,0,6.60,6.6,6.60,6.40
09/06/2014,3.84,6.60,-0.10 (-1.49 %)," ","480,000","3,215,770,000",0,0,6.70,6.60,6.80,6.60
06/06/2014,3.90,6.70,0.10 (1.52 %)," ","361,900","2,395,200,000",0,0,6.60,6.6,6.70,6.50
05/06/2014,3.84,6.60,0.10 (1.54 %)," ","494,200","3,210,920,000",0,0,6.50,6.30,6.60,6.30
04/06/2014,3.78,6.50,0.00 (0.00 %)," ","516,900","3,317,690,000",0,0,6.50,6.5,6.50,6.20
03/06/2014,3.78,6.50,0.20 (3.17 %)," ","339,100","2,191,560,000",0,0,6.30,6.10,6.60,6.10
02/06/2014,3.67,6.30,-0.40 (-5.97 %)," ","567,100","3,669,240,000",0,0,6.70,6.8,6.90,6.30
30/05/2014,3.90,6.70,-0.10 (-1.47 %)," ","791,800","5,305,100,000",0,0,6.80,6.80,6.80,6.60
29/05/2014,3.96,6.80,-0.30 (-4.23 %)," ","800,900","5,590,560,000",0,0,7.10,7.0,7.20,6.80
28/05/2014,4.13,7.10,0.30 (4.41 %)," ","1,171,400","8,164,600,000",0,0,6.80,7.00,7.10,6.90
27/05/2014,3.96,6.80,0.50 (7.94 %)," ","1,169,810","7,722,703,000",5,"28,500",6.30,6.4,6.80,6.30
23/05/2014,3.67,6.30,-0.10 (-1.56 %)," ","632,900","3,962,990,080",0,0,6.40,6.2,6.40,6.10
22/05/2014,3.72,6.40,-0.20 (-3.03 %)," ","729,400","4,699,460,096",0,0,6.60,6.50,6.70,6.20
21/05/2014,3.84,6.60,0.40 (6.45 %)," ","1,275,900","8,223,900,160",0,0,6.20,6.2,6.60,6.10
20/05/2014,3.61,6.20,0.40 (6.90 %)," ","794,425","4,684,655,616",0,0,5.80,5.80,6.20,5.70
19/05/2014,3.37,5.80,0.20 (3.57 %)," ","644,400","3,688,880,128",0,0,5.60,5.6,5.90,5.60
16/05/2014,3.26,5.60,0.30 (5.66 %)," ","569,800","3,084,199,936",0,0,5.30,5.30,5.60,5.20
15/05/2014,3.08,5.30,-0.20 (-3.64 %)," ","716,000","3,835,279,872",0,0,5.50,5.5,5.70,5.00
14/05/2014,3.20,5.50,0.50 (10.00 %)," ","788,400","4,154,085,120",0,0,5.00,4.90,5.50,4.90
13/05/2014,2.91,5.00,-0.30 (-5.66 %)," ","1,109,300","5,566,750,208",0,0,5.30,5.0,5.30,4.90
12/05/2014,3.08,5.30,-0.50 (-8.62 %)," ","705,100","3,745,299,968",0,0,5.80,5.80,5.80,5.30
09/05/2014,3.37,5.80,0.00 (0.00 %)," ","422,300","2,428,620,032",0,0,5.80,5.7,5.90,5.50
08/05/2014,3.37,5.80,-0.60 (-9.38 %)," ","803,800","4,715,120,128",0,0,6.40,6.40,6.40,5.80
07/05/2014,3.72,6.40,0.00 (0.00 %)," ","260,800","1,685,180,032",0,0,6.40,6.4,6.60,6.40
06/05/2014,3.72,6.40,-0.40 (-5.88 %)," ","487,500","3,105,920,000",0,0,6.80,6.60,6.60,6.20
05/05/2014,3.96,6.80,-0.40 (-5.56 %)," ","371,650","2,584,440,064",0,0,7.20,7.2,7.20,6.80
29/04/2014,4.19,7.20,-0.10 (-1.37 %)," ","259,500","1,871,960,064",0,0,7.30,7.20,7.30,7.10
28/04/2014,4.25,7.30,-0.10 (-1.35 %)," ","191,030","1,399,411,968",0,0,7.40,7.4,7.40,7.30
25/04/2014,4.31,7.40,0.00 (0.00 %)," ","217,900","1,613,580,032",0,0,7.40,7.40,7.50,7.40
24/04/2014,4.31,7.40,0.20 (2.78 %)," ","167,700","1,218,300,032",0,0,7.20,7.2,7.40,7.20
22/04/2014,4.36,7.50,0.50 (7.14 %)," ","299,400","2,165,730,048",0,0,7.00,7.1,7.50,7.00
21/04/2014,4.07,7.00,-0.30 (-4.11 %)," ","429,400","3,074,959,872",0,0,7.30,7.40,7.40,7.00
18/04/2014,4.25,7.30,-0.60 (-7.59 %)," ","728,700","5,501,329,920",0,0,7.90,8.0,8.00,7.30
17/04/2014,4.60,7.90,0.10 (1.28 %)," ","271,150","2,160,604,928",0,0,7.80,8.00,8.00,7.90
16/04/2014,4.54,7.80,-0.20 (-2.50 %)," ","768,800","6,022,320,128",0,0,8.00,8.0,8.00,7.70
15/04/2014,4.65,8.00,-0.50 (-5.88 %)," ","807,400","6,681,209,856",0,0,8.50,8.50,8.50,8.00
14/04/2014,4.95,8.50,0.20 (2.41 %)," ","780,060","6,618,758,144",0,0,8.30,8.4,8.60,8.40
11/04/2014,4.83,8.30,0.00 (0.00 %)," ","281,000","2,321,029,888",0,0,8.30,8.20,8.40,8.10
10/04/2014,4.83,8.30,-0.20 (-2.35 %)," ","332,400","2,786,820,096",0,0,8.50,8.5,8.50,8.30
08/04/2014,4.95,8.50,0.10 (1.19 %)," ","456,310","3,871,366,912",0,0,8.40,8.40,8.60,8.40
07/04/2014,4.89,8.40,0.10 (1.20 %)," ","526,618","4,402,663,936",0,0,8.30,8.3,8.50,8.20
04/04/2014,4.83,8.30,-0.10 (-1.19 %)," ","500,300","4,159,300,096",0,0,8.40,8.30,8.40,8.20
03/04/2014,4.89,8.40,0.60 (7.69 %)," ","641,800","5,278,799,872",0,0,7.80,8.0,8.40,8.00
02/04/2014,4.54,7.80,-0.10 (-1.27 %)," ","1,032,800","8,087,040,000",0,0,7.90,7.90,8.10,7.50
01/04/2014,4.60,7.90,-0.70 (-8.14 %)," ","1,195,500","9,820,109,824",0,0,8.60,8.6,8.60,7.90
31/03/2014,5.00,8.60,0.00 (0.00 %)," ","562,600","4,881,290,240",0,0,8.60,8.70,8.80,8.60
28/03/2014,5.00,8.60,-0.10 (-1.15 %)," ","656,400","5,760,799,744",0,0,8.70,8.8,9.00,8.60
27/03/2014,5.06,8.70,0.00 (0.00 %)," ","818,600","7,103,519,744",0,0,8.70,8.70,8.90,8.50
26/03/2014,5.06,8.70,-0.50 (-5.43 %)," ","1,460,020","13,213,212,672",0,0,9.20,9.2,9.40,8.70
24/03/2014,5.53,9.50,0.50 (5.56 %)," ","1,615,308","15,228,220,416",0,0,9.00,9.1,9.80,9.10
21/03/2014,5.24,9.00,0.30 (3.45 %)," ","1,407,151","12,659,631,104",0,0,8.70,8.60,9.30,8.60
20/03/2014,5.06,8.70,-0.20 (-2.25 %)," ","1,216,600","10,611,380,224",10,"81,000",8.90,8.9,9.00,8.50
19/03/2014,5.18,8.90,0.00 (0.00 %)," ","889,700","7,875,210,240",0,0,8.90,9.00,9.00,8.70
18/03/2014,5.18,8.90,0.80 (9.88 %)," ","2,428,008","20,945,020,928",0,0,8.10,8.2,8.90,8.20
17/03/2014,4.71,8.10,0.20 (2.53 %)," ","1,429,200","11,594,989,568",0,0,7.90,8.00,8.30,7.90
14/03/2014,4.60,7.90,-0.10 (-1.25 %)," ","1,141,400","9,078,750,208",0,0,8.00,8.0,8.10,7.80
13/03/2014,4.65,8.00,0.20 (2.56 %)," ","387,730","3,066,066,944",0,0,7.80,7.90,8.00,7.80
12/03/2014,4.54,7.80,-0.20 (-2.50 %)," ","1,029,118","8,140,462,080",0,0,8.00,8.0,8.00,7.80
11/03/2014,4.65,8.00,-0.10 (-1.23 %)," ","1,087,100","8,691,529,728",0,0,8.10,8.10,8.10,7.90
10/03/2014,4.71,8.10,0.20 (2.53 %)," ","976,300","7,761,010,176",0,0,7.90,7.9,8.10,7.80
07/03/2014,4.60,7.90,0.10 (1.28 %)," ","1,112,600","8,808,500,224",0,0,7.80,7.80,8.10,7.80
06/03/2014,4.54,7.80,0.10 (1.30 %)," ","737,300","5,667,330,048",0,0,7.70,7.7,7.80,7.60
05/03/2014,4.48,7.70,0.10 (1.32 %)," ","435,000","3,350,070,016",0,0,7.60,7.70,7.80,7.60
04/03/2014,4.42,7.60,0.10 (1.33 %)," ","681,460","5,113,374,208",0,0,7.50,7.5,7.60,7.40
03/03/2014,4.36,7.50,-0.20 (-2.60 %)," ","752,230","5,825,207,808",0,0,7.70,7.70,8.00,7.50
28/02/2014,4.48,7.70,-0.20 (-2.53 %)," ","916,800","7,120,580,096",0,0,7.90,7.9,7.90,7.60
27/02/2014,4.60,7.90,-0.30 (-3.66 %)," ","1,221,700","9,803,389,952",0,0,8.20,8.20,8.20,7.90
26/02/2014,4.77,8.20,0.00 (0.00 %)," ","1,030,200","8,306,270,208",0,0,8.20,8.2,8.20,7.90
24/02/2014,4.48,7.70,0.20 (2.67 %)," ","480,200","3,622,309,888",0,0,7.50,7.5,7.70,7.30
21/02/2014,4.36,7.50,0.00 (0.00 %)," ","1,043,500","7,808,240,128",0,0,7.50,7.50,7.60,7.30
20/02/2014,4.36,7.50,-0.70 (-8.54 %)," ","2,015,000","1,546,967,962",0,0,8.20,8.3,8.30,7.40
19/02/2014,4.77,8.20,0.30 (3.80 %)," ","1,129,900","9,002,909,696",0,0,7.90,7.90,8.20,7.80
18/02/2014,4.60,7.90,0.10 (1.28 %)," ","1,265,000","9,815,969,792",0,0,7.80,7.8,7.90,7.60
17/02/2014,4.54,7.80,-0.10 (-1.27 %)," ","989,300","7,754,129,920",0,0,7.90,7.80,8.00,7.70
14/02/2014,4.60,7.90,0.10 (1.28 %)," ","938,000","7,302,170,112",0,0,7.80,7.8,8.00,7.60
13/02/2014,4.54,7.80,0.10 (1.30 %)," ","1,214,902","9,376,804,864",0,0,7.70,7.80,7.90,7.60
12/02/2014,4.48,7.70,0.70 (10.00 %)," ","1,899,838","1,393,609,011",0,0,7.00,7.0,7.70,7.00
11/02/2014,4.07,7.00,-0.30 (-4.11 %)," ","1,210,200","8,756,469,760",0,0,7.30,7.40,7.50,6.90
10/02/2014,4.25,7.30,0.50 (7.35 %)," ","1,386,719","9,758,053,376",0,0,6.80,6.8,7.30,6.70
07/02/2014,3.96,6.80,0.30 (4.62 %)," ","1,930,000","1,274,150,707",0,0,6.50,6.50,6.80,6.40
06/02/2014,3.78,6.50,0.20 (3.17 %)," ","331,900","2,116,979,968",0,0,6.30,6.3,6.50,6.30
27/01/2014,3.67,6.30,0.00 (0.00 %)," ","259,900","1,620,169,984",0,0,6.30,6.30,6.30,6.20
24/01/2014,3.67,6.30,0.10 (1.61 %)," ","422,320","2,611,173,888",50,"280,000",6.20,6.2,6.30,6.10
23/01/2014,3.61,6.20,0.00 (0.00 %)," ","227,400","1,406,659,968",0,0,6.20,6.20,6.30,6.10
22/01/2014,3.61,6.20,0.10 (1.64 %)," ","656,100","4,051,780,096",0,0,6.10,6.1,6.30,6.00
21/01/2014,3.55,6.10,0.00 (0.00 %)," ","308,800","1,869,059,968",0,0,6.10,6.00,6.10,5.90
20/01/2014,3.55,6.10,0.00 (0.00 %)," ","459,200","2,763,549,952",0,0,6.10,6.1,6.10,5.90
16/01/2014,3.61,6.20,-0.10 (-1.59 %)," ","607,400","3,769,939,968",0,0,6.30,6.4,6.40,6.20
15/01/2014,3.67,6.30,0.10 (1.61 %)," ","1,102,790","7,002,051,379",0,0,6.20,6.30,6.50,6.20
14/01/2014,3.61,6.20,0.00 (0.00 %)," ","806,200","4,982,790,144",0,0,6.20,6.2,6.30,6.10
13/01/2014,3.61,6.20,0.10 (1.64 %)," ","592,930","3,676,808,960",0,0,6.10,6.20,6.30,6.10
10/01/2014,3.55,6.10,0.10 (1.67 %)," ","2,205,190","1,352,994,816",96,"518,400",6.00,6.0,6.20,6.00
09/01/2014,3.49,6.00,0.00 (0.00 %)," ","543,130","3,244,920,064",0,0,6.00,6.00,6.10,5.90
08/01/2014,3.49,6.00,0.10 (1.69 %)," ","274,400","1,624,349,952",0,0,5.90,5.9,6.00,5.90
07/01/2014,3.43,5.90,-0.10 (-1.67 %)," ","698,510","4,152,719,104",0,0,6.00,6.00,6.00,5.90
06/01/2014,3.49,6.00,0.20 (3.45 %)," ","238,800","1,407,250,048",0,0,5.80,5.8,6.00,5.80
03/01/2014,3.37,5.80,0.10 (1.75 %)," ","364,900","2,113,590,016",0,0,5.70,5.70,5.90,5.70
02/01/2014,3.32,5.70,0.00 (0.00 %)," ","491,200","2,822,599,936",0,0,5.70,5.8,5.90,5.70
31/12/2013,3.32,5.70,0.10 (1.79 %)," ","365,600","2,085,949,952",0,0,5.60,5.70,5.80,5.60
30/12/2013,3.26,5.60,-0.20 (-3.45 %)," ","521,200","2,994,390,016",0,0,5.80,5.8,5.90,5.60
27/12/2013,3.37,5.80,-0.20 (-3.33 %)," ","386,600","2,257,880,000",0,0,6.00,5.90,6.00,5.80
26/12/2013,3.49,6.00,0.00 (0.00 %)," ","335,100","1,982,189,952",0,0,6.00,5.9,6.00,5.80
25/12/2013,3.49,6.00,-0.10 (-1.64 %)," ","736,000","4,392,430,080",0,0,6.10,6.00,6.10,5.90
24/12/2013,3.55,6.10,0.00 (0.00 %)," ","907,100","5,523,460,096",0,0,6.10,6.1,6.20,6.00
23/12/2013,3.55,6.10,0.00 (0.00 %)," ","1,373,830","8,446,715,904",0,0,6.10,5.90,6.30,5.90
20/12/2013,3.55,6.10,0.30 (5.17 %)," ","4,433,466","2,700,536,627",0,0,5.80,5.9,6.20,5.90
18/12/2013,3.26,5.60,0.00 (0.00 %)," ","224,300","1,256,080,000",0,0,5.60,5.7,5.70,5.50
17/12/2013,3.26,5.60,0.10 (1.82 %)," ","644,100","3,609,220,096",0,0,5.50,5.50,5.70,5.50
16/12/2013,3.20,5.50,-0.10 (-1.79 %)," ","215,020","1,193,091,968","40,000","204,000,000",5.60,5.6,5.60,5.50
13/12/2013,3.26,5.60,0.00 (0.00 %)," ","160,110","896,496,000",0,0,5.60,5.50,5.60,5.50
12/12/2013,3.26,5.60,0.10 (1.82 %)," ","414,900","2,277,050,112",0,0,5.50,5.4,5.60,5.40
11/12/2013,3.20,5.50,-0.20 (-3.51 %)," ","919,200","5,088,300,032",0,0,5.70,5.70,5.80,5.40
10/12/2013,3.32,5.70,-0.10 (-1.72 %)," ","701,100","3,994,491,290",0,0,5.80,5.8,5.80,5.60
09/12/2013,3.37,5.80,-0.10 (-1.69 %)," ","972,612","5,664,790,938",0,0,5.90,5.90,6.00,5.70
06/12/2013,3.43,5.90,0.00 (0.00 %)," ","523,360","3,082,801,562",0,0,5.90,5.8,6.00,5.80
05/12/2013,3.43,5.90,0.00 (0.00 %)," ","670,700","3,944,160,000",0,0,5.90,5.90,6.00,5.80
04/12/2013,3.43,5.90,0.00 (0.00 %)," ","897,800","5,283,500,032",0,0,5.90,5.8,6.00,5.80
03/12/2013,3.43,5.90,0.10 (1.72 %)," ","1,316,600","7,677,009,920",0,0,5.80,5.80,6.00,5.70
02/12/2013,3.37,5.80,0.20 (3.57 %)," ","651,020","3,704,571,904",0,0,5.60,5.6,5.80,5.60
29/11/2013,3.26,5.60,-0.20 (-3.45 %)," ","960,900","5,450,699,776",0,0,5.80,5.80,5.80,5.60
28/11/2013,3.37,5.80,-0.10 (-1.69 %)," ","622,500","3,613,629,952",0,0,5.90,5.9,5.90,5.80
27/11/2013,3.43,5.90,0.00 (0.00 %)," ","874,100","5,091,550,208",0,0,5.90,6.00,6.00,5.70
26/11/2013,3.43,5.90,0.10 (1.72 %)," ","724,200","4,242,889,984",4,"21,200",5.80,5.8,6.00,5.70
25/11/2013,3.37,5.80,-0.20 (-3.33 %)," ","1,429,800","8,412,270,080",0,0,6.00,6.00,6.00,5.70
22/11/2013,3.49,6.00,0.20 (3.45 %)," ","1,613,918","9,499,506,278",0,0,5.80,5.8,6.00,5.80
20/11/2013,3.55,6.10,0.30 (5.17 %)," ","1,912,300","1,145,329,971",0,0,5.80,5.9,6.10,5.80
19/11/2013,3.37,5.80,0.10 (1.75 %)," ","1,745,800","1,010,045,030",0,0,5.70,5.70,5.90,5.70
18/11/2013,3.32,5.70,0.20 (3.64 %)," ","1,963,200","1,110,452,019",17,"85,000",5.50,5.5,5.80,5.50
15/11/2013,3.20,5.50,0.10 (1.85 %)," ","780,504","4,217,651,610",0,0,5.40,5.40,5.50,5.40
14/11/2013,3.14,5.40,0.10 (1.89 %)," ","943,000","5,088,690,176",0,0,5.30,5.3,5.50,5.30
13/11/2013,3.08,5.30,-0.20 (-3.64 %)," ","455,300","2,445,779,968",0,0,5.50,5.40,5.50,5.30
12/11/2013,3.20,5.50,-0.20 (-3.51 %)," ","1,397,704","7,723,471,667",0,0,5.70,5.7,5.80,5.30
11/11/2013,3.32,5.70,0.20 (3.64 %)," ","1,427,600","7,936,799,744",0,0,5.50,5.50,5.70,5.50
08/11/2013,3.20,5.50,0.10 (1.85 %)," ","1,560,418","8,489,318,810",0,0,5.40,5.4,5.60,5.40
07/11/2013,3.14,5.40,-0.30 (-5.26 %)," ","1,337,700","7,421,130,240",0,0,5.70,5.70,5.70,5.40
06/11/2013,3.32,5.70,0.30 (5.56 %)," ","1,989,400","1,105,529,958",0,0,5.40,5.4,5.80,5.40
05/11/2013,3.14,5.40,0.40 (8.00 %)," ","2,338,804","1,214,900,019",0,0,5.00,5.10,5.40,5.00
04/11/2013,2.91,5.00,0.10 (2.04 %)," ","1,465,900","7,319,079,936",0,0,4.90,4.9,5.10,4.80
01/11/2013,2.85,4.90,0.00 (0.00 %)," ","190,302","932,300,032",0,0,4.90,4.90,5.00,4.80
31/10/2013,2.85,4.90,-0.10 (-2.00 %)," ","190,600","933,969,984",0,0,5.00,5.0,5.00,4.90
30/10/2013,2.91,5.00,0.20 (4.17 %)," ","1,783,017","8,823,815,168",0,0,4.80,4.90,5.10,4.80
29/10/2013,2.79,4.80,0.10 (2.13 %)," ","390,400","1,856,220,032","150,300","646,290,000",4.70,4.8,4.90,4.70
28/10/2013,2.73,4.70,-0.10 (-2.08 %)," ","460,900","2,196,209,920","20,000","100,000,000",4.80,4.80,4.80,4.70
25/10/2013,2.79,4.80,0.00 (0.00 %)," ","260,800","1,254,979,968",0,0,4.80,4.9,4.90,4.70
23/10/2013,2.85,4.90,-0.10 (-2.00 %)," ","510,118","24,993,882,112",0,0,5.00,4.9,5.00,4.80
22/10/2013,2.91,5.00,0.00 (0.00 %)," ","168,300","823,529,984",0,0,5.00,4.90,5.00,4.80
21/10/2013,2.91,5.00,0.20 (4.17 %)," ","988,600","4,918,309,888",0,0,4.80,4.9,5.10,4.90
18/10/2013,2.79,4.80,-0.10 (-2.04 %)," ","132,300","636,670,016",58,"261,000",4.90,4.90,4.90,4.80
17/10/2013,2.85,4.90,0.10 (2.08 %)," ","560,300","2,743,610,112",0,0,4.80,4.9,5.00,4.80
16/10/2013,2.79,4.80,-0.10 (-2.04 %)," ","365,300","1,754,589,952",0,0,4.90,4.80,4.90,4.80
15/10/2013,2.85,4.90,0.20 (4.26 %)," ","508,800","2,441,420,032",0,0,4.70,4.7,4.90,4.70
14/10/2013,2.73,4.70,-0.20 (-4.08 %)," ","220,400","1,059,900,032",0,0,4.90,4.90,4.90,4.70
11/10/2013,2.85,4.90,-0.10 (-2.00 %)," ","408,900","2,023,399,936",0,0,5.00,5.0,5.10,4.90
10/10/2013,2.91,5.00,0.00 (0.00 %)," ","684,700","3,444,460,032",0,0,5.00,5.00,5.20,4.90
09/10/2013,2.91,5.00,-0.10 (-1.96 %)," ","451,000","2,256,859,904",0,0,5.10,5.1,5.10,5.00
08/10/2013,2.97,5.10,0.10 (2.00 %)," ","706,200","3,531,620,096",0,0,5.00,4.90,5.10,4.90
07/10/2013,2.91,5.00,0.00 (0.00 %)," ","593,200","2,991,650,048",0,0,5.00,5.0,5.10,5.00
04/10/2013,2.91,5.00,0.10 (2.04 %)," ","1,215,100","6,008,459,776",0,0,4.90,4.80,5.10,4.80
03/10/2013,2.85,4.90,0.00 (0.00 %)," ","447,100","2,176,199,936",0,0,4.90,4.9,5.00,4.80
02/10/2013,2.85,4.90,0.10 (2.08 %)," ","617,400","3,025,189,888",0,0,4.80,4.80,5.00,4.80
01/10/2013,2.79,4.80,0.00 (0.00 %)," ","1,577,400","7,799,229,952",72,"316,800",4.80,4.8,5.10,4.80
30/09/2013,2.79,4.80,0.10 (2.13 %)," ","259,600","1,227,650,048",0,0,4.70,4.70,4.80,4.70
27/09/2013,2.73,4.70,-0.10 (-2.08 %)," ","614,700","2,865,989,888",0,0,4.80,4.7,4.80,4.60
25/09/2013,2.79,4.80,0.20 (4.35 %)," ","1,189,706","56,150,077,440",0,0,4.60,4.6,4.90,4.50
24/09/2013,2.68,4.60,0.20 (4.55 %)," ","524,100","2,396,640,000",0,0,4.40,4.50,4.70,4.40
23/09/2013,2.56,4.40,0.10 (2.33 %)," ","417,000","1,820,999,936",0,0,4.30,4.3,4.50,4.30
20/09/2013,2.50,4.30,0.00 (0.00 %)," ","453,100","1,938,259,968",0,0,4.30,4.30,4.40,4.20
19/09/2013,2.50,4.30,0.00 (0.00 %)," ","199,110","872,878,976",0,0,4.30,4.4,4.40,4.30
18/09/2013,2.50,4.30,-0.10 (-2.27 %)," ","459,200","1,990,700,032",0,0,4.40,4.50,4.50,4.20
17/09/2013,2.56,4.40,-0.10 (-2.22 %)," ","259,400","1,141,900,032",0,0,4.50,4.4,4.50,4.40
16/09/2013,2.62,4.50,0.00 (0.00 %)," ","245,900","1,106,040,064",0,0,4.50,4.10,4.60,4.10
13/09/2013,2.62,4.50,0.00 (0.00 %)," ","267,800","1,205,110,016",0,0,4.50,4.5,4.60,4.50
12/09/2013,2.62,4.50,0.10 (2.27 %)," ","286,900","1,285,149,952",0,0,4.40,4.40,4.60,4.40
11/09/2013,2.56,4.40,-0.10 (-2.22 %)," ","199,200","888,480,000",0,0,4.50,4.5,4.50,4.40
10/09/2013,2.62,4.50,0.10 (2.27 %)," ","311,600","1,386,649,984",0,0,4.40,4.40,4.50,4.40
09/09/2013,2.56,4.40,-0.10 (-2.22 %)," ","417,300","1,829,469,952",0,0,4.50,4.6,4.60,4.30
06/09/2013,2.62,4.50,-0.10 (-2.17 %)," ","212,400","958,190,016",0,0,4.60,4.60,4.60,4.50
05/09/2013,2.68,4.60,0.00 (0.00 %)," ","255,400","1,174,860,032",0,0,4.60,4.6,4.70,4.60
04/09/2013,2.68,4.60,0.00 (0.00 %)," ","70,500","323,710,016",0,0,4.60,4.50,4.60,4.50
03/09/2013,2.68,4.60,-0.10 (-2.13 %)," ","409,400","1,907,090,048",0,0,4.70,4.7,4.80,4.60
30/08/2013,2.73,4.70,0.10 (2.17 %)," ","250,000","1,160,150,016",0,0,4.60,4.60,4.70,4.60
29/08/2013,2.68,4.60,0.00 (0.00 %)," ","339,300","1,562,560,000",0,0,4.60,4.6,4.70,4.50
27/08/2013,2.79,4.80,-0.10 (-2.04 %)," ","85,600","405,680,000",0,0,4.90,4.8,4.80,4.70
26/08/2013,2.85,4.90,0.10 (2.08 %)," ","222,500","1,056,480,000",0,0,4.80,4.80,4.90,4.70
23/08/2013,2.79,4.80,0.10 (2.13 %)," ","664,300","3,123,419,904",0,0,4.70,4.8,4.90,4.60
22/08/2013,2.73,4.70,-0.30 (-6.00 %)," ","251,300","1,210,520,064",0,0,5.00,4.90,5.00,4.70
21/08/2013,2.91,5.00,0.00 (0.00 %)," ","620,800","3,080,489,984",0,0,5.00,4.9,5.10,4.90
20/08/2013,2.91,5.00,0.20 (4.17 %)," ","1,351,500","6,639,229,952",0,0,4.80,4.80,5.10,4.80
19/08/2013,2.79,4.80,0.20 (4.35 %)," ","555,900","2,667,450,112",0,0,4.60,4.7,4.90,4.60
16/08/2013,2.68,4.60,-0.10 (-2.13 %)," ","418,400","1,967,219,968",0,0,4.70,4.70,4.80,4.60
15/08/2013,2.73,4.70,0.20 (4.44 %)," ","283,300","1,299,580,032",0,0,4.50,4.5,4.70,4.50
14/08/2013,2.62,4.50,0.00 (0.00 %)," ","378,800","1,692,280,064",0,0,4.50,4.50,4.60,4.30
13/08/2013,2.62,4.50,0.00 (0.00 %)," ","195,200","874,680,000",0,0,4.50,4.5,4.50,4.40
12/08/2013,2.62,4.50,-0.10 (-2.17 %)," ","187,900","845,630,000",0,0,4.60,4.50,4.60,4.50
09/08/2013,2.68,4.60,0.00 (0.00 %)," ","346,600","1,561,449,984",0,0,4.60,4.6,4.60,4.40
08/08/2013,2.68,4.60,0.00 (0.00 %)," ","242,100","1,113,130,000",0,0,4.60,4.60,4.60,4.50
07/08/2013,2.68,4.60,-0.10 (-2.13 %)," ","212,500","977,780,000","80,000","408,000,000",4.70,4.6,5.10,4.60
06/08/2013,2.73,4.70,0.00 (0.00 %)," ","122,100","560,050,000",0,0,4.70,4.60,4.70,4.50
05/08/2013,2.73,4.70,0.10 (2.17 %)," ","154,400","713,460,000",0,0,4.60,4.6,4.70,4.60
02/08/2013,2.68,4.60,-0.10 (-2.13 %)," ","38,600","179,880,000",0,0,4.70,4.70,4.70,4.60
01/08/2013,2.73,4.70,0.10 (2.17 %)," ","154,750","714,315,000",0,0,4.60,4.6,4.70,4.60
30/07/2013,2.62,4.50,0.00 (0.00 %)," ","194,540","882,980,000",0,0,4.50,4.5,4.60,4.50
29/07/2013,2.62,4.50,-0.10 (-2.17 %)," ","230,299","1,055,526,000",0,0,4.60,4.60,4.70,4.50
26/07/2013,2.73,4.70,1.97 (71.89 %)," ","482,100","2,229,050,000",0,0,2.73,4.6,4.80,4.60
25/07/2013,2.73,4.70,1.91 (68.31 %)," ","401,500","1,912,240,000","5,000","24,000,000",2.79,4.80,4.80,4.70
24/07/2013,2.79,4.80,1.89 (65.02 %)," ","496,400","2,409,890,000",0,0,2.91,4.9,5.00,4.80
23/07/2013,2.91,5.00,2.03 (68.52 %)," ","265,800","1,322,980,000","80,000","448,000,000",2.97,5.10,5.10,4.90
22/07/2013,2.97,5.10,2.13 (71.89 %)," ","151,800","767,510,000",0,0,2.97,5.1,5.10,5.00
19/07/2013,2.97,5.10,2.13 (71.89 %)," ","262,100","1,335,610,000",0,0,2.97,5.00,5.10,5.00
18/07/2013,2.97,5.10,2.07 (68.58 %)," ","316,800","1,621,760,000",0,0,3.03,5.2,5.20,5.00
17/07/2013,3.03,5.20,2.17 (71.89 %)," ","190,400","986,620,000",0,0,3.03,5.20,5.30,5.10
16/07/2013,3.03,5.20,2.17 (71.89 %)," ","119,600","620,300,000",0,0,3.03,5.2,5.20,5.10
15/07/2013,3.03,5.20,2.12 (68.65 %)," ","324,300","1,683,920,000",0,0,3.08,5.20,5.30,5.10
12/07/2013,3.08,5.30,2.33 (78.63 %)," ","430,000","2,221,910,000",0,0,2.97,5.1,5.30,5.10
11/07/2013,2.97,5.10,2.13 (71.89 %)," ","241,200","1,218,720,000",0,0,2.97,5.00,5.10,5.00
10/07/2013,2.97,5.10,2.13 (71.89 %)," ","410,100","2,054,050,000",0,0,2.97,5.1,5.10,5.00
09/07/2013,2.97,5.10,2.19 (75.33 %)," ","216,800","1,085,110,000",0,0,2.91,5.00,5.10,5.00
08/07/2013,2.91,5.00,2.03 (68.52 %)," ","226,000","1,137,050,000",0,0,2.97,5.1,5.10,5.00
05/07/2013,2.97,5.10,2.13 (71.89 %)," ","310,000","1,584,960,000",0,0,2.97,5.10,5.20,5.10
04/07/2013,2.97,5.10,2.13 (71.89 %)," ","104,000","530,410,000",0,0,2.97,5.1,5.20,5.10
02/07/2013,3.03,5.20,2.23 (75.26 %)," ","589,000","3,049,500,000",0,0,2.97,5.1,5.30,5.10
01/07/2013,2.97,5.10,2.07 (68.58 %)," ","231,800","1,173,300,000",0,0,3.03,5.10,5.20,5.00
28/06/2013,3.03,5.20,2.17 (71.89 %)," ","314,900","1,614,160,000",0,0,3.03,5.2,5.20,5.00
27/06/2013,3.03,5.20,2.23 (75.26 %)," ","339,100","1,747,310,000",0,0,2.97,5.00,5.30,5.00
26/06/2013,2.97,5.10,2.19 (75.33 %)," ","545,700","2,722,960,000",0,0,2.91,5.1,5.10,4.90
25/06/2013,2.91,5.00,1.97 (65.28 %)," ","873,900","4,365,420,000",0,0,3.03,5.20,5.20,4.80
24/06/2013,3.03,5.20,2.06 (65.53 %)," ","711,000","3,721,340,000",0,0,3.14,5.3,5.40,5.10
21/06/2013,3.14,5.40,2.32 (75.14 %)," ","423,700","2,236,730,000",0,0,3.08,5.30,5.40,5.10
20/06/2013,3.08,5.30,2.10 (65.64 %)," ","269,400","1,448,880,000",0,0,3.20,5.5,5.50,5.30
19/06/2013,3.20,5.50,2.24 (68.82 %)," ","277,600","1,527,580,000",0,0,3.26,5.50,5.60,5.50
18/06/2013,3.26,5.60,2.40 (75.02 %)," ","480,500","2,623,970,000",0,0,3.20,5.5,5.60,5.30
17/06/2013,3.20,5.50,2.18 (65.86 %)," ","888,300","4,921,980,000",0,0,3.32,5.80,5.80,5.40
14/06/2013,3.32,5.70,2.33 (68.93 %)," ","518,100","2,985,510,000",0,0,3.37,5.9,5.90,5.60
13/06/2013,3.37,5.80,2.43 (71.89 %)," ","583,600","3,350,370,000",0,0,3.37,5.80,5.80,5.70
12/06/2013,3.37,5.80,2.43 (71.89 %)," ","720,600","4,200,230,000",0,0,3.37,5.8,5.90,5.70
11/06/2013,3.37,5.80,2.43 (71.89 %)," ","803,200","4,604,220,000",0,0,3.37,5.80,5.90,5.60
10/06/2013,3.37,5.80,2.31 (66.16 %)," ","1,244,900","7,317,870,000",0,0,3.49,5.9,6.00,5.70
07/06/2013,3.49,6.00,2.45 (69.08 %)," ","1,044,900","6,234,750,000",0,0,3.55,5.50,6.10,5.50
06/06/2013,3.55,6.10,2.49 (69.12 %)," ","824,900","4,979,860,000",0,0,3.61,5.5,6.20,5.50
04/06/2013,3.43,5.90,2.29 (63.58 %)," ","1,067,700","6,420,140,000",0,0,3.61,6.2,6.30,5.80
03/06/2013,3.61,6.20,2.65 (74.71 %)," ","1,128,700","6,973,380,000",0,0,3.55,6.10,6.40,6.00
31/05/2013,3.55,6.10,2.49 (69.12 %)," ","1,838,500","11,565,850,000",0,0,3.61,6.3,6.50,6.10
30/05/2013,3.61,6.20,2.88 (86.97 %)," ","1,782,500","10,550,600,000",38,"197,600",3.32,5.70,6.20,5.70
29/05/2013,3.32,5.70,2.27 (66.06 %)," ","1,511,100","8,922,010,000",0,0,3.43,5.9,6.10,5.70
28/05/2013,3.43,5.90,2.47 (72.18 %)," ","1,473,700","8,604,740,000",0,0,3.43,6.00,6.00,5.70
27/05/2013,3.43,6.00,2.74 (84.31 %)," ","1,952,800","11,453,410,000",0,0,3.26,5.6,6.10,5.60
24/05/2013,3.26,5.70,2.50 (78.23 %)," ","817,100","4,537,880,000",0,0,3.20,5.50,5.70,5.50
23/05/2013,3.20,5.60,2.52 (81.58 %)," ","2,044,500","11,410,080,000",0,0,3.08,5.4,5.80,5.30
22/05/2013,3.08,5.40,2.26 (71.91 %)," ","754,300","4,145,520,000",0,0,3.14,5.60,5.70,5.40
21/05/2013,3.14,5.50,2.53 (85.20 %)," ","1,344,200","7,305,430,000",0,0,2.97,5.2,5.60,5.20
20/05/2013,2.97,5.20,2.29 (78.53 %)," ","211,600","1,092,300,000",0,0,2.91,5.10,5.20,5.10
17/05/2013,2.91,5.10,2.19 (75.10 %)," ","352,500","1,823,800,000",0,0,2.91,5.1,5.20,5.10
16/05/2013,2.91,5.10,2.19 (75.10 %)," ","305,000","1,561,980,000",0,0,2.91,5.10,5.20,5.10
15/05/2013,2.91,5.10,2.24 (78.60 %)," ","226,000","1,148,300,000","15,000","70,500,000",2.86,5.0,5.10,5.00
14/05/2013,2.86,5.00,2.03 (68.36 %)," ","388,900","1,963,100,000",0,0,2.97,5.10,5.10,4.90
13/05/2013,2.97,5.20,2.29 (78.53 %)," ","208,800","1,080,790,000",0,0,2.91,5.2,5.30,5.10
10/05/2013,2.91,5.10,2.13 (71.73 %)," ","357,500","1,846,470,000",0,0,2.97,5.10,5.20,5.10
09/05/2013,2.97,5.20,2.29 (78.53 %)," ","419,400","2,163,080,000",0,0,2.91,5.1,5.30,5.10
07/05/2013,3.03,5.30,2.22 (71.85 %)," ","305,400","1,628,760,000",0,0,3.08,5.4,5.50,5.20
06/05/2013,3.08,5.40,2.54 (89.10 %)," ","1,486,600","7,839,750,000",0,0,2.86,5.00,5.50,5.00
03/05/2013,2.86,5.00,2.26 (82.39 %)," ","136,600","676,610,000",0,0,2.74,4.8,5.00,4.80
02/05/2013,2.74,4.80,2.06 (75.09 %)," ","63,900","306,720,000",0,0,2.74,4.80,4.80,4.80
26/04/2013,2.74,4.80,2.00 (71.52 %)," ","205,300","989,090,000",0,0,2.80,4.9,5.00,4.80
25/04/2013,2.80,4.90,2.10 (75.09 %)," ","567,800","2,781,700,000",0,0,2.80,4.90,5.00,4.80
24/04/2013,2.80,4.90,2.10 (75.09 %)," ","95,500","458,180,000",0,0,2.80,4.8,4.90,4.70
23/04/2013,2.80,4.90,2.16 (78.74 %)," ","190,600","915,010,000",0,0,2.74,4.70,4.90,4.70
22/04/2013,2.74,4.80,2.06 (75.09 %)," ","213,200","1,003,080,000",0,0,2.74,4.8,4.80,4.60
18/04/2013,2.74,4.80,2.00 (71.52 %)," ","360,100","1,733,640,000",0,0,2.80,4.90,4.90,4.70
17/04/2013,2.80,4.90,2.04 (71.59 %)," ","128,500","645,780,000",0,0,2.86,5.1,5.10,4.90
16/04/2013,2.86,5.00,2.20 (78.67 %)," ","761,200","3,738,620,000",0,0,2.80,4.90,5.00,4.70
15/04/2013,2.80,4.90,1.99 (68.23 %)," ","510,600","2,490,800,000",0,0,2.91,5.0,5.00,4.80
12/04/2013,2.91,5.10,2.13 (71.73 %)," ","326,500","1,676,020,000",0,0,2.97,5.30,5.30,5.00
11/04/2013,2.97,5.20,2.29 (78.53 %)," ","488,000","2,528,200,000",0,0,2.91,5.2,5.30,5.10
10/04/2013,2.91,5.10,2.19 (75.10 %)," ","1,046,700","5,555,230,000",0,0,2.91,5.10,5.50,5.10
09/04/2013,2.91,5.10,2.19 (75.10 %)," ","283,800","1,449,950,000",0,0,2.91,5.1,5.20,5.00
08/04/2013,2.91,5.10,2.13 (71.73 %)," ","583,200","2,996,050,000",0,0,2.97,5.20,5.20,5.10
05/04/2013,2.97,5.20,2.29 (78.53 %)," ","275,200","1,405,820,000",0,0,2.91,5.1,5.20,5.00
03/04/2013,3.08,5.40,2.37 (78.40 %)," ","337,900","1,780,540,000",0,0,3.03,5.3,5.40,5.20
02/04/2013,3.03,5.30,2.22 (71.85 %)," ","486,100","2,619,540,000",0,0,3.08,5.40,5.50,5.30
01/04/2013,3.08,5.40,2.49 (85.39 %)," ","825,800","4,164,100,000",0,0,2.91,5.1,5.40,4.90
29/03/2013,2.91,5.10,2.19 (75.10 %)," ","495,300","2,476,910,000",0,0,2.91,4.90,5.10,4.90
28/03/2013,2.91,5.10,2.07 (68.49 %)," ","271,700","1,403,020,000",98,"470,400",3.03,5.3,5.30,5.10
27/03/2013,3.03,5.30,2.22 (71.85 %)," ","413,900","2,162,300,000",0,0,3.08,5.30,5.30,5.10
26/03/2013,3.08,5.40,2.26 (71.91 %)," ","366,900","1,972,750,000","750,000","3,675,000,000",3.14,5.5,5.50,5.30
25/03/2013,3.14,5.50,2.42 (78.34 %)," ","243,500","1,307,210,000",0,0,3.08,5.40,5.50,5.30
22/03/2013,3.08,5.40,2.32 (75.10 %)," ","631,000","3,367,220,000",0,0,3.08,5.4,5.50,5.20
21/03/2013,3.08,5.40,2.32 (75.10 %)," ","453,900","2,488,550,000",0,0,3.08,5.40,5.60,5.40
20/03/2013,3.08,5.40,2.32 (75.10 %)," ","366,700","2,023,070,000",0,0,3.08,5.5,5.60,5.40
19/03/2013,3.08,5.40,2.32 (75.10 %)," ","210,900","1,133,830,000",0,0,3.08,5.40,5.40,5.30
18/03/2013,3.08,5.40,2.20 (68.84 %)," ","553,700","3,011,030,000",0,0,3.20,5.5,5.60,5.30
15/03/2013,3.20,5.60,2.46 (78.28 %)," ","594,300","3,297,890,000",0,0,3.14,5.60,5.70,5.50
14/03/2013,3.14,5.50,2.36 (75.10 %)," ","162,100","900,930,000",0,0,3.14,5.5,5.60,5.50
13/03/2013,3.14,5.50,2.24 (68.95 %)," ","661,300","3,694,930,000",0,0,3.26,5.60,5.80,5.40
12/03/2013,3.26,5.70,2.39 (72.08 %)," ","806,600","4,597,030,000",0,0,3.31,5.7,5.90,5.40
11/03/2013,3.31,5.80,2.77 (91.62 %)," ","781,100","4,366,940,000",0,0,3.03,5.40,5.80,5.30
08/03/2013,3.03,5.30,2.27 (75.10 %)," ","339,400","1,819,600,000",0,0,3.03,5.3,5.50,5.20
06/03/2013,3.08,5.40,2.49 (85.39 %)," ","472,900","2,513,840,000",0,0,2.91,5.2,5.50,5.10
05/03/2013,2.91,5.10,2.02 (65.37 %)," ","991,900","5,093,760,000",0,0,3.08,5.30,5.40,5.00
04/03/2013,3.08,5.40,2.03 (60.26 %)," ","900,100","4,935,820,000",0,0,3.37,5.9,5.90,5.40
01/03/2013,3.37,5.90,2.53 (75.09 %)," ","495,100","2,927,090,000",0,0,3.37,6.00,6.00,5.80
28/02/2013,3.37,5.90,2.59 (78.11 %)," ","720,900","4,289,720,000",0,0,3.31,5.9,6.10,5.80
27/02/2013,3.31,5.80,2.54 (78.17 %)," ","875,300","4,971,310,000",0,0,3.26,5.80,5.90,5.40
26/02/2013,3.26,5.70,2.16 (60.98 %)," ","1,184,300","6,935,440,000",0,0,3.54,6.2,6.20,5.60
25/02/2013,3.54,6.20,2.72 (77.97 %)," ","889,600","5,554,390,000",0,0,3.48,6.30,6.40,6.10
22/02/2013,3.48,6.10,2.56 (72.27 %)," ","1,882,800","11,640,760,000",0,0,3.54,6.2,6.50,5.70
21/02/2013,3.54,6.20,2.26 (57.33 %)," ","1,544,000","10,123,120,000",0,0,3.94,6.90,6.90,6.20
20/02/2013,3.94,6.90,3.30 (91.77 %)," ","1,933,800","12,770,440,000",0,0,3.60,6.4,6.90,6.40
19/02/2013,3.60,6.30,2.64 (72.36 %)," ","2,158,500","13,770,330,000",0,0,3.66,6.50,6.60,6.20
18/02/2013,3.66,6.40,2.80 (77.88 %)," ","1,240,200","7,988,310,000",0,0,3.60,5.8,6.60,5.80
08/02/2013,3.60,6.30,2.82 (80.84 %)," ","541,200","3,454,180,000",0,0,3.48,6.20,6.60,6.20
07/02/2013,3.48,6.10,2.90 (90.73 %)," ","2,271,300","13,672,220,000",0,0,3.20,5.7,6.10,5.70
06/02/2013,3.20,5.60,2.52 (81.58 %)," ","572,800","3,195,700,000",0,0,3.08,5.40,5.70,5.40
05/02/2013,3.08,5.40,2.26 (71.91 %)," ","432,500","2,331,430,000",0,0,3.14,5.5,5.50,5.30
04/02/2013,3.14,5.50,2.24 (68.95 %)," ","629,700","3,485,030,000",0,0,3.26,5.60,5.70,5.40
01/02/2013,3.26,5.70,2.62 (84.82 %)," ","1,013,500","5,636,980,000",0,0,3.08,5.3,5.80,5.20
30/01/2013,3.20,5.60,2.40 (75.10 %)," ","838,600","4,782,940,000",0,0,3.20,5.7,5.90,5.50
29/01/2013,3.20,5.60,2.69 (92.26 %)," ","1,861,700","9,946,770,000",0,0,2.91,5.20,5.60,5.00
28/01/2013,2.91,5.10,2.19 (75.10 %)," ","901,300","4,644,400,000",0,0,2.91,5.1,5.30,5.00
25/01/2013,2.91,5.10,2.24 (78.60 %)," ","546,000","2,761,780,000",0,0,2.86,5.00,5.20,4.90
24/01/2013,2.86,5.00,2.32 (86.28 %)," ","454,800","2,226,240,000",0,0,2.68,4.7,5.10,4.70
23/01/2013,2.68,4.70,1.96 (71.45 %)," ","398,900","1,866,580,000",2,"8,600",2.74,4.80,4.80,4.60
22/01/2013,2.74,4.80,2.00 (71.52 %)," ","1,054,700","5,050,400,000",0,0,2.80,5.0,5.00,4.60
21/01/2013,2.80,4.90,2.04 (71.59 %)," ","450,000","2,259,730,000",0,0,2.86,5.20,5.30,4.90
18/01/2013,2.86,5.00,2.03 (68.36 %)," ","963,300","4,865,100,000",0,0,2.97,5.1,5.20,4.90
17/01/2013,2.97,5.20,2.12 (68.61 %)," ","707,300","3,797,130,000",0,0,3.08,5.60,5.60,5.00
16/01/2013,3.08,5.40,2.54 (89.10 %)," ","2,242,300","12,259,010,000",0,0,2.86,5.3,5.50,5.20
15/01/2013,2.86,5.00,2.32 (86.28 %)," ","1,314,300","6,410,330,000",0,0,2.68,4.70,5.00,4.70
14/01/2013,2.68,4.70,2.07 (78.90 %)," ","344,500","1,602,940,000",2,"8,600",2.63,4.6,4.70,4.50
11/01/2013,2.63,4.60,1.92 (71.37 %)," ","470,400","2,218,330,000",0,0,2.68,4.80,4.90,4.60
10/01/2013,2.68,4.70,2.19 (87.03 %)," ","328,800","1,499,200,000",0,0,2.51,4.5,4.70,4.40
09/01/2013,2.51,4.40,1.72 (63.92 %)," ","964,900","4,535,160,000",0,0,2.68,4.70,5.00,4.40
08/01/2013,2.68,4.70,2.02 (75.10 %)," ","545,400","2,569,810,000",0,0,2.68,4.7,4.80,4.60
07/01/2013,2.68,4.70,1.90 (67.95 %)," ","505,900","2,421,960,000",0,0,2.80,4.90,4.90,4.60
04/01/2013,2.80,4.90,2.27 (86.52 %)," ","580,300","2,753,420,000",0,0,2.63,4.6,4.90,4.60
02/01/2013,2.86,5.00,2.32 (86.28 %)," ","1,343,900","6,641,170,000",0,0,2.68,4.8,5.10,4.80
28/12/2012,2.68,4.70,2.02 (75.10 %)," ","631,200","2,964,370,000",0,0,2.68,4.70,4.80,4.50
27/12/2012,2.68,4.70,1.96 (71.45 %)," ","878,300","4,159,800,000",0,0,2.74,4.7,4.90,4.60
26/12/2012,2.74,4.80,2.23 (86.77 %)," ","709,200","3,290,000,000",0,0,2.57,4.50,4.80,4.50
25/12/2012,2.57,4.50,1.87 (71.29 %)," ","645,400","2,950,210,000",0,0,2.63,4.7,4.80,4.40
24/12/2012,2.63,4.60,2.14 (87.31 %)," ","714,900","3,257,470,000",0,0,2.46,4.40,4.60,4.40
21/12/2012,2.46,4.30,1.79 (71.12 %)," ","416,100","1,798,570,000",0,0,2.51,4.3,4.50,4.20
20/12/2012,2.51,4.40,1.89 (75.10 %)," ","923,200","4,177,620,000",0,0,2.51,4.50,4.70,4.40
19/12/2012,2.51,4.40,1.94 (79.17 %)," ","597,900","2,627,260,000",0,0,2.46,4.2,4.40,4.20
18/12/2012,2.46,4.30,1.73 (67.32 %)," ","691,500","2,953,750,000","40,000","188,000,000",2.57,4.40,4.40,4.10
17/12/2012,2.57,4.50,1.93 (75.10 %)," ","566,800","2,495,370,000",0,0,2.57,4.4,4.50,4.30
14/12/2012,2.57,4.50,1.93 (75.10 %)," ","715,400","3,209,150,000",0,0,2.57,4.40,4.60,4.40
13/12/2012,2.57,4.50,2.04 (83.24 %)," ","1,614,700","7,310,470,000",0,0,2.46,4.4,4.60,4.40
12/12/2012,2.46,4.30,1.96 (83.64 %)," ","818,600","3,436,850,000",0,0,2.34,4.10,4.30,4.00
11/12/2012,2.34,4.10,1.87 (84.07 %)," ","1,035,900","4,239,660,000",0,0,2.23,4.1,4.10,4.00
10/12/2012,2.23,3.90,1.73 (79.71 %)," ","553,600","2,151,030,000",0,0,2.17,3.80,3.90,3.80
07/12/2012,2.17,3.80,1.69 (79.83 %)," ","286,800","1,065,640,000",0,0,2.11,3.7,3.80,3.60
06/12/2012,2.11,3.70,1.53 (70.49 %)," ","193,400","726,670,000",0,0,2.17,3.80,3.80,3.70
05/12/2012,2.17,3.80,1.69 (79.83 %)," ","266,400","1,007,050,000","20,000","70,000,000",2.11,3.7,3.80,3.70
03/12/2012,2.06,3.60,1.54 (75.10 %)," ","59,400","208,160,000",0,0,2.06,3.5,3.60,3.50
30/11/2012,2.06,3.60,1.49 (70.37 %)," ","126,500","454,140,000",0,0,2.11,3.60,3.70,3.50
29/11/2012,2.11,3.70,1.59 (75.10 %)," ","182,500","650,660,000",0,0,2.11,3.6,3.70,3.50
28/11/2012,2.11,3.70,1.64 (79.96 %)," ","42,800","154,140,000",0,0,2.06,3.60,3.70,3.60
27/11/2012,2.06,3.60,1.54 (75.10 %)," ","62,600","225,360,000",0,0,2.06,3.6,3.60,3.60
26/11/2012,2.06,3.60,1.49 (70.37 %)," ","121,500","437,400,000","10,000","36,000,000",2.11,3.60,3.60,3.60
23/11/2012,2.11,3.70,1.53 (70.49 %)," ","95,000","351,110,000","155,000","573,500,000",2.17,3.7,3.80,3.60
22/11/2012,2.17,3.80,1.69 (79.83 %)," ","102,800","380,580,000",0,0,2.11,3.70,3.80,3.70
21/11/2012,2.11,3.70,1.59 (75.10 %)," ","22,800","83,770,000",0,0,2.11,3.7,3.70,3.60
20/11/2012,2.11,3.70,1.59 (75.10 %)," ","119,300","441,160,000",0,0,2.11,3.70,3.70,3.60
19/11/2012,2.11,3.70,1.53 (70.49 %)," ","141,400","523,680,000",0,0,2.17,3.7,3.80,3.70
16/11/2012,2.17,3.80,1.69 (79.83 %)," ","48,700","179,370,000",0,0,2.11,3.60,3.80,3.60
15/11/2012,2.11,3.70,1.53 (70.49 %)," ","183,500","672,950,000",0,0,2.17,3.7,3.70,3.60
14/11/2012,2.17,3.80,1.69 (79.83 %)," ","152,900","580,820,000",0,0,2.11,3.80,3.90,3.70
13/11/2012,2.11,3.70,1.47 (66.11 %)," ","150,700","578,010,000",0,0,2.23,3.9,3.90,3.70
12/11/2012,2.23,3.90,1.79 (84.56 %)," ","387,500","1,469,810,000",0,0,2.11,3.70,3.90,3.70
09/11/2012,2.11,3.70,1.59 (75.10 %)," ","141,800","516,680,000",0,0,2.11,3.7,3.70,3.60
08/11/2012,2.11,3.70,1.59 (75.10 %)," ","81,700","294,130,000",0,0,2.11,3.60,3.70,3.60
07/11/2012,2.11,3.70,1.64 (79.96 %)," ","171,500","633,670,000","5,000","17,000,000",2.06,3.6,3.80,3.60
05/11/2012,2.00,3.50,1.44 (70.23 %)," ","166,000","590,110,000","20,000","72,000,000",2.06,3.5,3.70,3.50
02/11/2012,2.06,3.60,1.43 (65.88 %)," ","556,500","2,017,550,000",0,0,2.17,3.70,3.80,3.60
01/11/2012,2.17,3.80,1.57 (70.60 %)," ","107,000","406,830,000",0,0,2.23,3.8,3.90,3.80
31/10/2012,2.23,3.90,1.67 (75.09 %)," ","65,800","250,590,000",0,0,2.23,3.80,3.90,3.70
30/10/2012,2.23,3.90,1.62 (70.72 %)," ","195,300","744,590,000","10,000","39,000,000",2.28,3.9,4.00,3.80
29/10/2012,2.28,4.00,1.72 (75.09 %)," ","114,900","448,170,000",0,0,2.28,3.90,4.00,3.90
26/10/2012,2.28,4.00,1.77 (79.58 %)," ","125,000","484,430,000",0,0,2.23,3.8,4.00,3.80
25/10/2012,2.23,3.90,1.62 (70.72 %)," ","354,400","1,336,260,000",0,0,2.28,3.90,3.90,3.70
24/10/2012,2.28,4.00,1.72 (75.09 %)," ","177,600","692,220,000",0,0,2.28,3.9,4.00,3.80
23/10/2012,2.28,4.00,1.72 (75.09 %)," ","155,500","611,320,000",0,0,2.28,4.00,4.00,3.90
22/10/2012,2.28,4.00,1.72 (75.09 %)," ","216,400","847,320,000",0,0,2.28,4.0,4.00,3.90
19/10/2012,2.28,4.00,1.60 (66.76 %)," ","348,600","1,401,840,000",0,0,2.40,4.10,4.20,4.00
18/10/2012,2.40,4.20,1.86 (79.36 %)," ","284,500","1,167,960,000",0,0,2.34,4.1,4.20,4.10
17/10/2012,2.34,4.10,1.70 (70.93 %)," ","242,100","996,900,000",0,0,2.40,4.20,4.30,4.00
16/10/2012,2.40,4.20,1.92 (83.85 %)," ","545,900","2,263,090,000",0,0,2.28,4.0,4.20,4.00
15/10/2012,2.28,4.00,1.66 (70.82 %)," ","175,400","692,150,000",0,0,2.34,4.00,4.10,3.90
12/10/2012,2.34,4.10,1.70 (70.93 %)," ","319,000","1,307,920,000",0,0,2.40,4.1,4.20,4.10
11/10/2012,2.40,4.20,1.86 (79.36 %)," ","729,300","3,082,800,000",0,0,2.34,4.10,4.30,4.00
10/10/2012,2.34,4.10,1.82 (79.47 %)," ","164,200","665,170,000",0,0,2.28,3.9,4.10,3.90
08/10/2012,2.23,3.90,1.79 (84.56 %)," ","485,100","1,871,610,000",0,0,2.11,3.7,3.90,3.70
05/10/2012,2.11,3.70,1.59 (75.10 %)," ","266,100","999,010,000",0,0,2.11,3.50,3.90,3.50
04/10/2012,2.11,3.70,1.53 (70.49 %)," ","131,300","489,380,000",0,0,2.17,3.8,3.90,3.60
03/10/2012,2.17,3.80,1.63 (75.10 %)," ","245,000","936,900,000",0,0,2.17,3.80,3.90,3.80
02/10/2012,2.17,3.80,1.69 (79.83 %)," ","240,600","890,360,000",0,0,2.11,3.7,3.80,3.60
01/10/2012,2.11,3.70,1.47 (66.11 %)," ","374,200","1,392,670,000",0,0,2.23,3.80,3.90,3.70
28/09/2012,2.23,3.90,1.56 (66.55 %)," ","155,700","607,320,000",58,"220,400",2.34,3.9,4.00,3.90
27/09/2012,2.34,4.10,1.70 (70.93 %)," ","207,100","830,470,000",0,0,2.40,4.10,4.10,4.00
26/09/2012,2.40,4.20,1.86 (79.36 %)," ","244,800","996,250,000",0,0,2.34,4.1,4.20,4.00
25/09/2012,2.34,4.10,1.76 (75.09 %)," ","79,300","317,740,000",0,0,2.34,4.00,4.10,3.90
24/09/2012,2.34,4.10,1.70 (70.93 %)," ","210,600","843,310,000",0,0,2.40,4.1,4.20,4.00
21/09/2012,2.40,4.20,1.86 (79.36 %)," ","299,100","1,239,130,000","30,000","123,000,000",2.34,4.10,4.20,4.00
20/09/2012,2.34,4.10,1.76 (75.09 %)," ","251,100","1,009,640,000",0,0,2.34,4.1,4.10,3.90
19/09/2012,2.34,4.10,1.82 (79.47 %)," ","263,000","1,060,010,000",0,0,2.28,3.90,4.10,3.90
18/09/2012,2.28,4.00,1.60 (66.76 %)," ","567,700","2,294,300,000",0,0,2.40,4.2,4.20,4.00
17/09/2012,2.40,4.20,1.74 (71.02 %)," ","294,700","1,239,770,000",0,0,2.46,4.40,4.40,4.10
14/09/2012,2.46,4.30,1.96 (83.64 %)," ","331,300","1,412,090,000",0,0,2.34,4.2,4.30,4.20
13/09/2012,2.34,4.10,1.82 (79.47 %)," ","233,800","948,220,000",0,0,2.28,3.80,4.20,3.80
12/09/2012,2.28,4.00,1.72 (75.09 %)," ","225,200","902,790,000",0,0,2.28,3.9,4.20,3.90
10/09/2012,2.40,4.20,1.57 (59.87 %)," ","283,600","1,193,400,000",0,0,2.63,4.4,4.40,4.20
07/09/2012,2.63,4.60,2.03 (78.99 %)," ","153,000","680,950,000",0,0,2.57,4.50,4.60,4.40
06/09/2012,2.57,4.50,1.99 (79.08 %)," ","368,500","1,637,740,000",0,0,2.51,4.4,4.60,4.30
05/09/2012,2.51,4.40,1.66 (60.50 %)," ","415,200","1,855,510,000",0,0,2.74,4.70,4.70,4.40
04/09/2012,2.74,4.80,2.06 (75.09 %)," ","78,900","371,570,000",0,0,2.74,4.8,4.80,4.60
31/08/2012,2.74,4.80,2.06 (75.09 %)," ","93,600","440,110,000",0,0,2.74,4.70,4.80,4.60
30/08/2012,2.74,4.80,2.06 (75.09 %)," ","254,300","1,234,010,000",0,0,2.74,4.9,4.90,4.70
29/08/2012,2.74,4.80,2.17 (82.71 %)," ","285,200","1,353,180,000",0,0,2.63,4.70,4.90,4.60
28/08/2012,2.63,4.60,1.97 (75.10 %)," ","222,300","990,990,000",0,0,2.63,4.6,4.70,4.30
27/08/2012,2.63,4.60,1.80 (64.37 %)," ","209,000","969,680,000",0,0,2.80,4.70,4.70,4.60
24/08/2012,2.80,4.90,2.16 (78.74 %)," ","804,400","3,780,480,000",0,0,2.74,4.6,5.10,4.50
23/08/2012,2.74,4.80,1.89 (64.80 %)," ","201,200","972,400,000",0,0,2.91,4.90,4.90,4.80
22/08/2012,2.91,5.10,2.02 (65.37 %)," ","558,100","2,873,320,000",0,0,3.08,5.1,5.30,5.10
21/08/2012,3.08,5.40,2.14 (65.88 %)," ","272,300","1,477,140,000",0,0,3.26,5.60,5.60,5.40
20/08/2012,3.26,5.70,2.44 (75.09 %)," ","157,400","884,160,000",0,0,3.26,5.6,5.70,5.60
17/08/2012,3.26,5.70,2.50 (78.23 %)," ","146,100","814,580,000",0,0,3.20,5.60,5.70,5.50
16/08/2012,3.20,5.60,2.40 (75.10 %)," ","176,000","980,050,000",0,0,3.20,5.5,5.70,5.50
15/08/2012,3.20,5.60,2.40 (75.10 %)," ","74,900","416,430,000",0,0,3.20,5.60,5.60,5.50
14/08/2012,3.20,5.60,2.40 (75.10 %)," ","153,700","860,750,000",0,0,3.20,5.6,5.70,5.60
10/08/2012,3.20,5.60,2.34 (72.02 %)," ","375,000","2,087,800,000",0,0,3.26,5.7,5.70,5.50
09/08/2012,3.26,5.70,2.39 (72.08 %)," ","171,700","995,060,000",0,0,3.31,5.80,5.90,5.70
08/08/2012,3.31,5.80,2.54 (78.17 %)," ","118,900","683,080,000",0,0,3.26,5.7,5.90,5.60
07/08/2012,3.26,5.70,2.33 (69.16 %)," ","248,000","1,431,750,000",0,0,3.37,5.90,5.90,5.60
06/08/2012,3.37,5.90,2.70 (84.48 %)," ","425,600","2,465,720,000",0,0,3.20,5.6,5.90,5.60
03/08/2012,3.20,5.60,2.46 (78.28 %)," ","127,900","704,480,000",0,0,3.14,5.40,5.60,5.40
02/08/2012,3.14,5.50,2.42 (78.34 %)," ","88,200","478,530,000",0,0,3.08,5.5,5.50,5.40
01/08/2012,3.08,5.40,2.26 (71.91 %)," ","165,900","897,920,000",0,0,3.14,5.50,5.50,5.30
31/07/2012,3.14,5.50,2.30 (71.97 %)," ","87,500","482,640,000",0,0,3.20,5.6,5.60,5.50
30/07/2012,3.20,5.60,2.40 (75.10 %)," ","94,600","527,480,000",0,0,3.20,5.60,5.70,5.50
27/07/2012,3.20,5.60,2.34 (72.02 %)," ","214,400","1,205,940,000",0,0,3.26,5.8,5.80,5.50
26/07/2012,3.26,5.70,2.50 (78.23 %)," ","179,000","1,019,610,000",0,0,3.20,5.70,5.80,5.60
25/07/2012,3.20,5.60,2.40 (75.10 %)," ","286,600","1,602,850,000",0,0,3.20,5.6,5.70,5.50
24/07/2012,3.20,5.60,2.23 (66.19 %)," ","494,900","2,798,680,000",0,0,3.37,5.80,5.80,5.50
23/07/2012,3.37,5.90,2.42 (69.36 %)," ","398,700","2,359,050,000",0,0,3.48,6.1,6.10,5.80
20/07/2012,3.48,6.10,2.50 (69.54 %)," ","497,300","3,132,720,000",0,0,3.60,6.30,6.50,6.10
19/07/2012,3.60,6.30,2.93 (86.97 %)," ","630,300","3,804,690,000",0,0,3.37,5.9,6.30,5.70
18/07/2012,3.37,5.90,2.47 (72.18 %)," ","282,200","1,670,090,000",0,0,3.43,6.00,6.10,5.70
17/07/2012,3.43,6.00,2.74 (84.31 %)," ","501,600","2,942,820,000",0,0,3.26,5.6,6.00,5.60
10/08/2012,3.20,5.60,2.34 (72.02 %)," ","375,000","2,087,800,000",0,0,3.26,5.7,5.70,5.50
09/08/2012,3.26,5.70,2.39 (72.08 %)," ","171,700","995,060,000",0,0,3.31,5.80,5.90,5.70
08/08/2012,3.31,5.80,2.54 (78.17 %)," ","118,900","683,080,000",0,0,3.26,5.7,5.90,5.60
07/08/2012,3.26,5.70,2.33 (69.16 %)," ","248,000","1,431,750,000",0,0,3.37,5.90,5.90,5.60
06/08/2012,3.37,5.90,2.70 (84.48 %)," ","425,600","2,465,720,000",0,0,3.20,5.6,5.90,5.60
03/08/2012,3.20,5.60,2.46 (78.28 %)," ","127,900","704,480,000",0,0,3.14,5.40,5.60,5.40
02/08/2012,3.14,5.50,2.42 (78.34 %)," ","88,200","478,530,000",0,0,3.08,5.5,5.50,5.40
01/08/2012,3.08,5.40,2.26 (71.91 %)," ","165,900","897,920,000",0,0,3.14,5.50,5.50,5.30
31/07/2012,3.14,5.50,2.30 (71.97 %)," ","87,500","482,640,000",0,0,3.20,5.6,5.60,5.50
30/07/2012,3.20,5.60,2.40 (75.10 %)," ","94,600","527,480,000",0,0,3.20,5.60,5.70,5.50
27/07/2012,3.20,5.60,2.34 (72.02 %)," ","214,400","1,205,940,000",0,0,3.26,5.8,5.80,5.50
26/07/2012,3.26,5.70,2.50 (78.23 %)," ","179,000","1,019,610,000",0,0,3.20,5.70,5.80,5.60
25/07/2012,3.20,5.60,2.40 (75.10 %)," ","286,600","1,602,850,000",0,0,3.20,5.6,5.70,5.50
24/07/2012,3.20,5.60,2.23 (66.19 %)," ","494,900","2,798,680,000",0,0,3.37,5.80,5.80,5.50
23/07/2012,3.37,5.90,2.42 (69.36 %)," ","398,700","2,359,050,000",0,0,3.48,6.1,6.10,5.80
20/07/2012,3.48,6.10,2.50 (69.54 %)," ","497,300","3,132,720,000",0,0,3.60,6.30,6.50,6.10
19/07/2012,3.60,6.30,2.93 (86.97 %)," ","630,300","3,804,690,000",0,0,3.37,5.9,6.30,5.70
18/07/2012,3.37,5.90,2.47 (72.18 %)," ","282,200","1,670,090,000",0,0,3.43,6.00,6.10,5.70
17/07/2012,3.43,6.00,2.74 (84.31 %)," ","501,600","2,942,820,000",0,0,3.26,5.6,6.00,5.60
10/08/2012,3.20,5.60,2.34 (72.02 %)," ","375,000","2,087,800,000",0,0,3.26,5.7,5.70,5.50
09/08/2012,3.26,5.70,2.39 (72.08 %)," ","171,700","995,060,000",0,0,3.31,5.80,5.90,5.70
08/08/2012,3.31,5.80,2.54 (78.17 %)," ","118,900","683,080,000",0,0,3.26,5.7,5.90,5.60
07/08/2012,3.26,5.70,2.33 (69.16 %)," ","248,000","1,431,750,000",0,0,3.37,5.90,5.90,5.60
06/08/2012,3.37,5.90,2.70 (84.48 %)," ","425,600","2,465,720,000",0,0,3.20,5.6,5.90,5.60
03/08/2012,3.20,5.60,2.46 (78.28 %)," ","127,900","704,480,000",0,0,3.14,5.40,5.60,5.40
02/08/2012,3.14,5.50,2.42 (78.34 %)," ","88,200","478,530,000",0,0,3.08,5.5,5.50,5.40
01/08/2012,3.08,5.40,2.26 (71.91 %)," ","165,900","897,920,000",0,0,3.14,5.50,5.50,5.30
31/07/2012,3.14,5.50,2.30 (71.97 %)," ","87,500","482,640,000",0,0,3.20,5.6,5.60,5.50
30/07/2012,3.20,5.60,2.40 (75.10 %)," ","94,600","527,480,000",0,0,3.20,5.60,5.70,5.50
27/07/2012,3.20,5.60,2.34 (72.02 %)," ","214,400","1,205,940,000",0,0,3.26,5.8,5.80,5.50
26/07/2012,3.26,5.70,2.50 (78.23 %)," ","179,000","1,019,610,000",0,0,3.20,5.70,5.80,5.60
25/07/2012,3.20,5.60,2.40 (75.10 %)," ","286,600","1,602,850,000",0,0,3.20,5.6,5.70,5.50
24/07/2012,3.20,5.60,2.23 (66.19 %)," ","494,900","2,798,680,000",0,0,3.37,5.80,5.80,5.50
23/07/2012,3.37,5.90,2.42 (69.36 %)," ","398,700","2,359,050,000",0,0,3.48,6.1,6.10,5.80
20/07/2012,3.48,6.10,2.50 (69.54 %)," ","497,300","3,132,720,000",0,0,3.60,6.30,6.50,6.10
19/07/2012,3.60,6.30,2.93 (86.97 %)," ","630,300","3,804,690,000",0,0,3.37,5.9,6.30,5.70
18/07/2012,3.37,5.90,2.47 (72.18 %)," ","282,200","1,670,090,000",0,0,3.43,6.00,6.10,5.70
17/07/2012,3.43,6.00,2.74 (84.31 %)," ","501,600","2,942,820,000",0,0,3.26,5.6,6.00,5.60
10/08/2012,3.20,5.60,2.34 (72.02 %)," ","375,000","2,087,800,000",0,0,3.26,5.7,5.70,5.50
09/08/2012,3.26,5.70,2.39 (72.08 %)," ","171,700","995,060,000",0,0,3.31,5.80,5.90,5.70
08/08/2012,3.31,5.80,2.54 (78.17 %)," ","118,900","683,080,000",0,0,3.26,5.7,5.90,5.60
07/08/2012,3.26,5.70,2.33 (69.16 %)," ","248,000","1,431,750,000",0,0,3.37,5.90,5.90,5.60
06/08/2012,3.37,5.90,2.70 (84.48 %)," ","425,600","2,465,720,000",0,0,3.20,5.6,5.90,5.60
03/08/2012,3.20,5.60,2.46 (78.28 %)," ","127,900","704,480,000",0,0,3.14,5.40,5.60,5.40
02/08/2012,3.14,5.50,2.42 (78.34 %)," ","88,200","478,530,000",0,0,3.08,5.5,5.50,5.40
01/08/2012,3.08,5.40,2.26 (71.91 %)," ","165,900","897,920,000",0,0,3.14,5.50,5.50,5.30
31/07/2012,3.14,5.50,2.30 (71.97 %)," ","87,500","482,640,000",0,0,3.20,5.6,5.60,5.50
30/07/2012,3.20,5.60,2.40 (75.10 %)," ","94,600","527,480,000",0,0,3.20,5.60,5.70,5.50
27/07/2012,3.20,5.60,2.34 (72.02 %)," ","214,400","1,205,940,000",0,0,3.26,5.8,5.80,5.50
26/07/2012,3.26,5.70,2.50 (78.23 %)," ","179,000","1,019,610,000",0,0,3.20,5.70,5.80,5.60
25/07/2012,3.20,5.60,2.40 (75.10 %)," ","286,600","1,602,850,000",0,0,3.20,5.6,5.70,5.50
24/07/2012,3.20,5.60,2.23 (66.19 %)," ","494,900","2,798,680,000",0,0,3.37,5.80,5.80,5.50
23/07/2012,3.37,5.90,2.42 (69.36 %)," ","398,700","2,359,050,000",0,0,3.48,6.1,6.10,5.80
20/07/2012,3.48,6.10,2.50 (69.54 %)," ","497,300","3,132,720,000",0,0,3.60,6.30,6.50,6.10
19/07/2012,3.60,6.30,2.93 (86.97 %)," ","630,300","3,804,690,000",0,0,3.37,5.9,6.30,5.70
18/07/2012,3.37,5.90,2.47 (72.18 %)," ","282,200","1,670,090,000",0,0,3.43,6.00,6.10,5.70
17/07/2012,3.43,6.00,2.74 (84.31 %)," ","501,600","2,942,820,000",0,0,3.26,5.6,6.00,5.60
13/07/2012,3.37,5.90,2.64 (81.24 %)," ","1,193,400","6,980,450,000",0,0,3.26,5.6,5.90,5.60
12/07/2012,3.26,5.70,2.62 (84.82 %)," ","372,700","2,054,970,000",0,0,3.08,5.40,5.70,5.40
11/07/2012,3.08,5.40,2.32 (75.10 %)," ","317,500","1,727,410,000",0,0,3.08,5.4,5.50,5.40
10/07/2012,3.08,5.40,2.32 (75.10 %)," ","203,700","1,094,180,000",0,0,3.08,5.40,5.50,5.30
09/07/2012,3.08,5.40,2.14 (65.88 %)," ","463,700","2,516,460,000",0,0,3.26,5.6,5.60,5.40
06/07/2012,3.26,5.70,2.50 (78.23 %)," ","355,900","2,042,620,000",0,0,3.20,5.80,5.90,5.60
05/07/2012,3.20,5.60,2.63 (88.56 %)," ","638,400","3,438,500,000",0,0,2.97,5.1,5.60,5.10
04/07/2012,2.97,5.20,2.00 (62.59 %)," ","362,600","1,960,240,000",0,0,3.20,5.40,5.60,5.20
03/07/2012,3.20,5.60,2.40 (75.10 %)," ","483,500","2,638,340,000",0,0,3.20,5.6,5.70,5.40
02/07/2012,3.20,5.60,2.23 (66.19 %)," ","178,600","1,034,170,000",0,0,3.37,6.00,6.00,5.60
29/06/2012,3.37,5.90,2.47 (72.18 %)," ","358,200","2,132,770,000",0,0,3.43,5.9,6.00,5.80
28/06/2012,3.43,6.00,2.74 (84.31 %)," ","231,900","1,322,770,000",0,0,3.26,5.70,6.00,5.60
27/06/2012,3.26,5.70,2.27 (66.34 %)," ","244,800","1,440,750,000",0,0,3.43,5.8,6.10,5.70
26/06/2012,3.43,6.00,2.40 (66.76 %)," ","737,800","4,394,670,000","200,000","1,280,000,000",3.60,6.30,6.30,5.90
25/06/2012,3.60,6.30,2.53 (67.14 %)," ","525,100","3,325,860,000",0,0,3.77,6.6,6.70,6.20
22/06/2012,3.77,6.60,2.72 (69.95 %)," ","579,500","3,866,300,000",0,0,3.88,6.70,6.80,6.60
21/06/2012,3.88,6.80,2.86 (72.56 %)," ","121,700","827,020,000",0,0,3.94,6.9,6.90,6.70
20/06/2012,3.94,6.90,2.96 (75.10 %)," ","324,200","2,195,700,000",0,0,3.94,6.70,6.90,6.70
19/06/2012,3.94,6.90,2.90 (72.59 %)," ","266,900","1,816,570,000",0,0,4.00,6.9,6.90,6.70
15/06/2012,4.00,7.00,3.06 (77.63 %)," ","352,600","2,449,300,000",0,0,3.94,6.9,7.00,6.80
14/06/2012,3.94,6.90,3.02 (77.67 %)," ","486,500","3,307,480,000",0,0,3.88,6.70,6.90,6.70
13/06/2012,3.88,6.80,2.92 (75.10 %)," ","319,100","2,168,290,000",0,0,3.88,6.9,6.90,6.70
12/06/2012,3.88,6.80,2.69 (65.37 %)," ","626,200","4,318,660,000",0,0,4.11,7.00,7.10,6.80
11/06/2012,4.11,7.20,3.20 (80.10 %)," ","339,600","2,428,910,000",0,0,4.00,7.1,7.30,6.90
08/06/2012,4.00,7.00,2.89 (70.23 %)," ","676,200","4,886,570,000",0,0,4.11,7.60,7.60,7.00
07/06/2012,4.11,7.20,3.32 (85.39 %)," ","840,900","6,002,880,000",99,"633,600",3.88,6.9,7.20,6.90
06/06/2012,3.88,6.80,2.92 (75.10 %)," ","472,200","3,246,120,000",0,0,3.88,6.90,7.00,6.70
05/06/2012,3.88,6.80,3.09 (83.17 %)," ","369,200","2,430,230,000",0,0,3.71,6.5,6.90,6.40
04/06/2012,3.71,6.50,2.62 (67.37 %)," ","352,000","2,300,640,000",0,0,3.88,6.60,6.70,6.40
01/06/2012,3.88,6.80,2.92 (75.10 %)," ","484,600","3,287,010,000",0,0,3.88,7.0,7.00,6.60
31/05/2012,3.88,6.80,2.75 (67.70 %)," ","387,400","2,657,740,000",0,0,4.05,7.00,7.00,6.70
30/05/2012,4.05,7.10,3.05 (75.10 %)," ","317,300","2,235,310,000",0,0,4.05,7.0,7.20,7.00
29/05/2012,4.05,7.10,2.93 (70.30 %)," ","469,800","3,316,960,000",0,0,4.17,7.30,7.30,7.00
28/05/2012,4.17,7.30,3.13 (75.10 %)," ","712,100","5,333,150,000",0,0,4.17,7.4,7.70,7.10
25/05/2012,4.17,7.30,3.30 (82.60 %)," ","568,000","4,131,680,000",0,0,4.00,7.20,7.30,7.20
24/05/2012,4.00,7.00,3.06 (77.63 %)," ","761,500","5,177,970,000",59,"383,500",3.94,7.0,7.00,6.50
23/05/2012,3.94,6.90,2.73 (65.50 %)," ","488,800","3,419,420,000",0,0,4.17,7.10,7.30,6.80
22/05/2012,4.17,7.30,3.19 (77.53 %)," ","736,900","5,436,060,000",0,0,4.11,7.6,7.60,7.10
18/05/2012,3.88,6.80,2.80 (70.09 %)," ","875,700","6,043,240,000",0,0,4.00,6.9,7.10,6.70
17/05/2012,4.00,7.00,2.83 (67.90 %)," ","644,000","4,653,390,000",0,0,4.17,7.40,7.50,7.00
16/05/2012,4.17,7.30,3.30 (82.60 %)," ","876,300","6,129,400,000","200,000","1,400,000,000",4.00,7.1,7.30,6.70
15/05/2012,4.00,7.00,2.72 (63.42 %)," ","1,412,100","10,053,490,000",0,0,4.28,7.50,7.60,7.00
14/05/2012,4.28,7.50,2.93 (64.15 %)," ","1,100,100","8,377,470,000",0,0,4.57,8.0,8.00,7.50
11/05/2012,4.57,8.00,3.20 (66.76 %)," ","1,257,600","10,190,280,000",0,0,4.80,8.40,8.50,7.90
10/05/2012,4.80,8.40,3.60 (75.09 %)," ","1,673,300","14,283,060,000",0,0,4.80,8.7,8.80,8.20
09/05/2012,4.80,8.40,3.95 (88.56 %)," ","2,071,500","16,987,570,000",0,0,4.45,7.80,8.40,7.80
08/05/2012,4.45,7.80,3.12 (66.56 %)," ","2,253,100","18,460,040,000",0,0,4.68,8.7,8.70,7.80
07/05/2012,4.68,8.20,3.80 (86.47 %)," ","323,500","2,649,810,000",0,0,4.40,8.20,8.20,8.00
04/05/2012,4.40,7.70,3.53 (84.69 %)," ","1,331,100","10,160,040,000",0,0,4.17,7.3,7.70,7.30
03/05/2012,4.17,7.30,3.25 (80.03 %)," ","1,365,300","9,667,500,000",0,0,4.05,7.00,7.30,6.90
02/05/2012,4.05,7.10,3.16 (80.17 %)," ","1,783,200","12,656,530,000",0,0,3.94,7.0,7.30,6.80
27/04/2012,3.94,6.90,3.02 (77.67 %)," ","581,100","3,992,620,000",0,0,3.88,6.70,7.00,6.70
26/04/2012,3.88,6.80,2.80 (70.09 %)," ","792,800","5,432,830,000",0,0,4.00,6.9,7.00,6.70
25/04/2012,4.00,7.00,3.06 (77.63 %)," ","1,096,300","7,783,850,000",0,0,3.94,7.10,7.20,7.00
24/04/2012,3.94,6.90,3.07 (80.32 %)," ","859,700","5,741,030,000",0,0,3.83,6.6,7.00,6.40
23/04/2012,3.83,6.70,2.82 (72.52 %)," ","705,500","4,754,850,000",0,0,3.88,6.80,6.90,6.60
20/04/2012,3.88,6.80,2.97 (77.71 %)," ","838,100","5,671,600,000",0,0,3.83,6.7,6.90,6.60
18/04/2012,4.11,7.20,3.15 (77.56 %)," ","1,109,800","7,949,150,000",0,0,4.05,7.2,7.40,7.00
17/04/2012,4.05,7.10,3.16 (80.17 %)," ","2,490,200","18,016,210,000",0,0,3.94,7.20,7.30,7.00
16/04/2012,3.94,6.90,3.19 (85.87 %)," ","1,295,600","8,843,220,000",0,0,3.71,6.7,6.90,6.40
13/04/2012,3.71,6.50,2.62 (67.37 %)," ","1,473,500","9,757,760,000",0,0,3.88,6.90,6.90,6.50
12/04/2012,3.88,6.80,3.03 (80.40 %)," ","1,308,600","9,069,080,000",0,0,3.77,6.7,7.00,6.70
11/04/2012,3.77,6.60,3.06 (86.39 %)," ","1,346,200","8,809,570,000",0,0,3.54,6.40,6.60,6.30
10/04/2012,3.54,6.20,2.54 (69.63 %)," ","459,800","2,920,840,000",0,0,3.66,6.4,6.60,6.20
09/04/2012,3.66,6.40,2.97 (86.77 %)," ","1,025,700","6,469,530,000",0,0,3.43,6.00,6.40,6.00
06/04/2012,3.43,6.00,2.57 (75.10 %)," ","875,800","5,438,660,000",0,0,3.43,6.2,6.40,6.00
05/04/2012,3.43,6.00,2.74 (84.31 %)," ","818,300","4,837,820,000",0,0,3.26,5.70,6.00,5.60
04/04/2012,3.26,5.70,2.33 (69.16 %)," ","513,200","2,995,920,000",0,0,3.37,6.2,6.20,5.70
03/04/2012,3.37,5.90,2.70 (84.48 %)," ","638,400","3,695,100,000",0,0,3.20,5.60,5.90,5.50
30/03/2012,3.20,5.60,2.23 (66.19 %)," ","949,200","5,370,190,000",0,0,3.37,5.8,5.90,5.50
29/03/2012,3.37,5.90,2.36 (66.62 %)," ","1,288,400","7,871,530,000",0,0,3.54,6.30,6.60,5.90
28/03/2012,3.54,6.20,2.60 (72.32 %)," ","1,828,100","11,041,870,000",0,0,3.60,6.0,6.30,5.90
27/03/2012,3.60,6.30,2.47 (64.64 %)," ","1,537,400","10,225,970,000",0,0,3.83,7.10,7.10,6.30
26/03/2012,3.83,6.70,3.10 (86.21 %)," ","2,103,400","14,055,760,000",0,0,3.60,6.7,6.70,6.40
23/03/2012,3.60,6.30,2.87 (83.85 %)," ","665,800","4,187,150,000",0,0,3.43,6.10,6.30,6.10
22/03/2012,3.43,6.00,2.74 (84.31 %)," ","2,281,200","13,465,250,000",0,0,3.26,6.0,6.00,5.70
"                GD thỏa thuận"
"                Giá  tham chiếu"
Giá mở cửa
"                Giá cao nhất"
"                Giá thấp nhất"
"            "
"            "
"                KL"
"                GT"
"                KL"
"                GT"
"                 "
"       "
"    "
"        "
,19/04/2012
,3.83
,6.70
,2.59 (62.94 %)
,"  "
,"1,120,700"
,"7,620,330,000"
,0
,0
,4.11
,7.10
,7.10
,6.70


"    "
"        "
,18/04/2012
,4.11
,7.20
,3.15 (77.56 %)
,"  "
,"1,109,800"
,"7,949,150,000"
,0
,0
,4.05
,7.2
,7.40
,7.00


"    "
"        "
,17/04/2012
,4.05
,7.10
,3.16 (80.17 %)
,"  "
,"2,490,200"
,"18,016,210,000"
,0
,0
,3.94
,7.20
,7.30
,7.00


"    "
"        "
,16/04/2012
,3.94
,6.90
,3.19 (85.87 %)
,"  "
,"1,295,600"
,"8,843,220,000"
,0
,0
,3.71
,6.7
,6.90
,6.40


"    "
"        "
,13/04/2012
,3.71
,6.50
,2.62 (67.37 %)
,"  "
,"1,473,500"
,"9,757,760,000"
,0
,0
,3.88
,6.90
,6.90
,6.50


"    "
"        "
,12/04/2012
,3.88
,6.80
,3.03 (80.40 %)
,"  "
,"1,308,600"
,"9,069,080,000"
,0
,0
,3.77
,6.7
,7.00
,6.70


"    "
"        "
,11/04/2012
,3.77
,6.60
,3.06 (86.39 %)
,"  "
,"1,346,200"
,"8,809,570,000"
,0
,0
,3.54
,6.40
,6.60
,6.30


"    "
"        "
,10/04/2012
,3.54
,6.20
,2.54 (69.63 %)
,"  "
,"459,800"
,"2,920,840,000"
,0
,0
,3.66
,6.4
,6.60
,6.20


"    "
"        "
,09/04/2012
,3.66
,6.40
,2.97 (86.77 %)
,"  "
,"1,025,700"
,"6,469,530,000"
,0
,0
,3.43
,6.00
,6.40
,6.00


"    "
"        "
,06/04/2012
,3.43
,6.00
,2.57 (75.10 %)
,"  "
,"875,800"
,"5,438,660,000"
,0
,0
,3.43
,6.2
,6.40
,6.00


"    "
"        "
,05/04/2012
,3.43
,6.00
,2.74 (84.31 %)
,"  "
,"818,300"
,"4,837,820,000"
,0
,0
,3.26
,5.70
,6.00
,5.60


"    "
"        "
,04/04/2012
,3.26
,5.70
,2.33 (69.16 %)
,"  "
,"513,200"
,"2,995,920,000"
,0
,0
,3.37
,6.2
,6.20
,5.70


"    "
"        "
,03/04/2012
,3.37
,5.90
,2.70 (84.48 %)
,"  "
,"638,400"
,"3,695,100,000"
,0
,0
,3.20
,5.60
,5.90
,5.50


"    "
"        "
,30/03/2012
,3.20
,5.60
,2.23 (66.19 %)
,"  "
,"949,200"
,"5,370,190,000"
,0
,0
,3.37
,5.8
,5.90
,5.50


"    "
"        "
,29/03/2012
,3.37
,5.90
,2.36 (66.62 %)
,"  "
,"1,288,400"
,"7,871,530,000"
,0
,0
,3.54
,6.30
,6.60
,5.90


"    "
"        "
,28/03/2012
,3.54
,6.20
,2.60 (72.32 %)
,"  "
,"1,828,100"
,"11,041,870,000"
,0
,0
,3.60
,6.0
,6.30
,5.90


"    "
"        "
,27/03/2012
,3.60
,6.30
,2.47 (64.64 %)
,"  "
,"1,537,400"
,"10,225,970,000"
,0
,0
,3.83
,7.10
,7.10
,6.30


"    "
"        "
,26/03/2012
,3.83
,6.70
,3.10 (86.21 %)
,"  "
,"2,103,400"
,"14,055,760,000"
,0
,0
,3.60
,6.7
,6.70
,6.40


"    "
"        "
,23/03/2012
,3.60
,6.30
,2.87 (83.85 %)
,"  "
,"665,800"
,"4,187,150,000"
,0
,0
,3.43
,6.10
,6.30
,6.10


"    "
"        "
,22/03/2012
,3.43
,6.00
,2.74 (84.31 %)
,"  "
,"2,281,200"
,"13,465,250,000"
,0
,0
,3.26
,6.0
,6.00
,5.70


"    "
"        "
21/02/2012,2.57,4.50,1.87 (71.29 %)," ","711,000","3,304,230,000",0,0,2.63,4.8,4.90,4.40
20/02/2012,2.63,4.60,2.14 (87.31 %)," ","648,600","2,951,570,000",0,0,2.46,4.40,4.60,4.40
17/02/2012,2.46,4.30,1.90 (79.26 %)," ","271,100","1,163,140,000","100,000","400,000,000",2.40,4.2,4.40,4.20
16/02/2012,2.40,4.20,1.80 (75.09 %)," ","125,000","524,950,000","60,000","252,000,000",2.40,4.10,4.30,4.10
15/02/2012,2.40,4.20,1.74 (71.02 %)," ","252,700","1,060,810,000",0,0,2.46,4.3,4.30,4.10
14/02/2012,2.46,4.30,1.96 (83.64 %)," ","337,900","1,425,230,000",0,0,2.34,4.10,4.30,4.10
13/02/2012,2.34,4.10,1.70 (70.93 %)," ","274,100","1,118,370,000",0,0,2.40,4.2,4.20,4.00
10/02/2012,2.40,4.20,1.63 (63.42 %)," ","375,500","1,597,360,000","108,500","455,700,000",2.57,4.50,4.50,4.20
09/02/2012,2.57,4.50,1.76 (64.15 %)," ","450,400","2,041,570,000",0,0,2.74,4.8,4.80,4.40
08/02/2012,2.74,4.80,2.17 (82.71 %)," ","269,300","1,267,170,000",0,0,2.63,4.60,4.80,4.60
07/02/2012,2.63,4.60,1.92 (71.37 %)," ","363,100","1,672,140,000",0,0,2.68,4.6,4.80,4.50
06/02/2012,2.68,4.70,1.96 (71.45 %)," ","178,000","834,390,000",0,0,2.74,4.90,4.90,4.60
03/02/2012,2.74,4.80,2.12 (78.82 %)," ","781,600","3,798,680,000",0,0,2.68,4.9,5.00,4.60
02/02/2012,2.68,4.70,2.19 (87.03 %)," ","307,400","1,432,460,000",0,0,2.51,4.50,4.70,4.50
01/02/2012,2.51,4.40,1.83 (71.21 %)," ","236,000","1,043,870,000",0,0,2.57,4.4,4.50,4.30
31/01/2012,2.57,4.50,1.99 (79.08 %)," ","407,400","1,861,140,000",0,0,2.51,4.40,4.70,4.40
30/01/2012,2.51,4.40,2.00 (83.43 %)," ","159,200","693,920,000",0,0,2.40,4.3,4.50,4.30
20/01/2012,2.40,4.20,1.74 (71.02 %)," ","128,100","546,160,000",0,0,2.46,4.30,4.40,4.20
19/01/2012,2.46,4.30,1.96 (83.64 %)," ","279,900","1,189,190,000",0,0,2.34,4.2,4.30,4.10
17/01/2012,2.34,4.10,1.70 (70.93 %)," ","177,700","740,490,000",0,0,2.40,4.3,4.30,4.00
16/01/2012,2.40,4.20,1.92 (83.85 %)," ","408,000","1,698,280,000",0,0,2.28,4.00,4.20,4.00
13/01/2012,2.28,4.00,1.72 (75.09 %)," ","227,500","912,810,000",0,0,2.28,3.9,4.10,3.90
12/01/2012,2.28,4.00,1.66 (70.82 %)," ","58,400","234,230,000",0,0,2.34,4.00,4.10,4.00
11/01/2012,2.34,4.10,1.76 (75.09 %)," ","159,500","664,370,000",0,0,2.34,4.2,4.30,4.10
10/01/2012,2.34,4.10,1.82 (79.47 %)," ","237,400","969,050,000",0,0,2.28,4.00,4.10,4.00
09/01/2012,2.28,4.00,1.83 (84.31 %)," ","148,600","583,760,000",0,0,2.17,3.9,4.00,3.80
06/01/2012,2.17,3.80,1.57 (70.60 %)," ","177,300","674,810,000",0,0,2.23,3.90,3.90,3.80
05/01/2012,2.23,3.90,1.62 (70.72 %)," ","156,300","610,920,000",0,0,2.28,4.1,4.10,3.90
04/01/2012,2.28,4.00,1.66 (70.82 %)," ","149,800","609,700,000",0,0,2.34,4.20,4.20,4.00
03/01/2012,2.34,4.10,1.87 (84.07 %)," ","289,700","1,184,850,000",0,0,2.23,4.0,4.10,4.00
30/12/2011,2.23,3.90,1.79 (84.56 %)," ","218,000","841,190,000",0,0,2.11,3.80,3.90,3.70
29/12/2011,2.11,3.70,1.47 (66.11 %)," ","97,700","357,410,000",0,0,2.23,3.8,3.80,3.60
28/12/2011,2.23,3.90,1.79 (84.56 %)," ","184,700","705,740,000",0,0,2.11,3.50,3.90,3.50
27/12/2011,2.11,3.70,1.47 (66.11 %)," ","211,600","787,060,000",0,0,2.23,3.8,3.90,3.70
26/12/2011,2.23,3.90,1.56 (66.55 %)," ","111,400","439,860,000",0,0,2.34,3.90,4.10,3.90
23/12/2011,2.34,4.10,1.64 (66.95 %)," ","209,300","847,730,000",0,0,2.46,4.1,4.30,4.00
22/12/2011,2.46,4.30,1.67 (63.68 %)," ","221,300","953,370,000",0,0,2.63,4.30,4.60,4.30
21/12/2011,2.63,4.60,1.97 (75.10 %)," ","102,600","475,780,000",0,0,2.63,4.8,4.80,4.50
17/01/2012,2.34,4.10,1.70 (70.93 %)," ","177,700","740,490,000",0,0,2.40,4.3,4.30,4.00
16/01/2012,2.40,4.20,1.92 (83.85 %)," ","408,000","1,698,280,000",0,0,2.28,4.00,4.20,4.00
13/01/2012,2.28,4.00,1.72 (75.09 %)," ","227,500","912,810,000",0,0,2.28,3.9,4.10,3.90
12/01/2012,2.28,4.00,1.66 (70.82 %)," ","58,400","234,230,000",0,0,2.34,4.00,4.10,4.00
11/01/2012,2.34,4.10,1.76 (75.09 %)," ","159,500","664,370,000",0,0,2.34,4.2,4.30,4.10
10/01/2012,2.34,4.10,1.82 (79.47 %)," ","237,400","969,050,000",0,0,2.28,4.00,4.10,4.00
09/01/2012,2.28,4.00,1.83 (84.31 %)," ","148,600","583,760,000",0,0,2.17,3.9,4.00,3.80
06/01/2012,2.17,3.80,1.57 (70.60 %)," ","177,300","674,810,000",0,0,2.23,3.90,3.90,3.80
05/01/2012,2.23,3.90,1.62 (70.72 %)," ","156,300","610,920,000",0,0,2.28,4.1,4.10,3.90
04/01/2012,2.28,4.00,1.66 (70.82 %)," ","149,800","609,700,000",0,0,2.34,4.20,4.20,4.00
03/01/2012,2.34,4.10,1.87 (84.07 %)," ","289,700","1,184,850,000",0,0,2.23,4.0,4.10,4.00
30/12/2011,2.23,3.90,1.79 (84.56 %)," ","218,000","841,190,000",0,0,2.11,3.80,3.90,3.70
29/12/2011,2.11,3.70,1.47 (66.11 %)," ","97,700","357,410,000",0,0,2.23,3.8,3.80,3.60
28/12/2011,2.23,3.90,1.79 (84.56 %)," ","184,700","705,740,000",0,0,2.11,3.50,3.90,3.50
27/12/2011,2.11,3.70,1.47 (66.11 %)," ","211,600","787,060,000",0,0,2.23,3.8,3.90,3.70
26/12/2011,2.23,3.90,1.56 (66.55 %)," ","111,400","439,860,000",0,0,2.34,3.90,4.10,3.90
23/12/2011,2.34,4.10,1.64 (66.95 %)," ","209,300","847,730,000",0,0,2.46,4.1,4.30,4.00
22/12/2011,2.46,4.30,1.67 (63.68 %)," ","221,300","953,370,000",0,0,2.63,4.30,4.60,4.30
21/12/2011,2.63,4.60,1.97 (75.10 %)," ","102,600","475,780,000",0,0,2.63,4.8,4.80,4.50
